sta_avg_delay=[[2.0012158559322035,];[1.8875461949152519,];[11.93287016949157,];[137.6087116694914,];];
sta_avg_quality=[[8556.943220338984,];[5363.332966101694,];[5131.715084745762,];[4985.707966101697,];];
sta_avg_qlen=[[0.3955,];;[0.37333333333333335,];;[2.2396666666666665,];;[18.75,];;];
sta_avg_qbacklog=[[0.44489933866040526,];;[0.3722360519941862,];;[9.733354378984878,];;[137.75909510765158,];;];
