sta_avg_delay=[[0.985153274999998,];[2.1163728000000006,];[6.510335591666672,];[21.148275266666648,];];
sta_avg_quality=[[10374.21991666667,];[6276.573583333336,];[6238.183250000001,];[6088.555583333334,];];
sta_avg_qlen=[[0.19833333333333333,0.0,];;[0.4251666666666667,0.0,];;[0.8125,0.49166666666666664,];;[2.3118333333333334,1.8616666666666666,];;];
sta_avg_qbacklog=[[0.1043034344969139,0.0,];;[0.4817445741601275,0.0,];;[3.011477370321808,1.8885063229924925,];;[18.16330106565164,14.531516017651581,];;];
