sta_avg_delay=[[2.0012158559322035,];[1.8875461949152519,];[5.098214805084748,];[7.537009050847458,];];
sta_avg_quality=[[8556.943220338984,];[5363.332966101694,];[5131.715084745762,];[4985.707966101697,];];
sta_avg_qlen=[[0.3955,0.0,0.0,0.0,];;[0.37333333333333335,0.0,0.0,0.0,];;[0.6823333333333333,0.323,0.0,0.0,];;[0.7253333333333334,0.5836666666666667,0.17483333333333334,0.0,];;];
sta_avg_qbacklog=[[0.44489933866040526,0.0,0.0,0.0,];;[0.3722360519941862,0.0,0.0,0.0,];;[1.8543894159906533,0.9314187586596937,0.0,0.0,];;[2.8920327681561315,2.429167720824629,0.8490608066614844,0.0,];;];
