sta_avg_delay=[[2.0012158559322035,0.985153274999998,];[1.8875461949152519,2.1163728000000006,];[39.9307805254237,41.583096483333314,];[204.95987677118626,207.8670110249999,];];
sta_avg_quality=[[8556.943220338984,10374.21991666667,];[5363.332966101694,6276.573583333336,];[5131.7150847457615,6238.183250000001,];[4985.707966101697,6088.555583333334,];];
sta_avg_qlen=[[0.2981666666666667,0.2956666666666667,];;[0.401,0.3975,];;[7.137,6.6085,];;[24.439666666666668,24.030666666666665,];;];
sta_avg_qbacklog=[[0.27772658966190644,0.27147618349541475,];;[0.42971401982702334,0.42426660632729113,];;[40.85493419481841,36.622232514984844,];;[203.14739881565177,208.70372399165166,];;];
