sta_avg_delay=[[2.0012158559322035,0.985153274999998,];[1.8875461949152519,2.1163728000000006,];[6.379691127118646,7.259662925,];[42.59085466101689,45.34452709999994,];];
sta_avg_quality=[[8556.943220338984,10374.21991666667,];[5363.332966101694,6276.573583333336,];[5131.715084745762,6238.183250000001,];[4985.707966101697,6088.555583333334,];];
sta_avg_qlen=[[0.2981666666666667,0.2956666666666667,0.0,];;[0.401,0.3975,0.0,];;[1.1478333333333333,0.8928333333333334,0.6695,];;[5.264666666666667,4.9545,4.6155,];;];
sta_avg_qbacklog=[[0.27772658966190644,0.27147618349541475,0.0,];;[0.42971401982702334,0.42426660632729113,0.0,];;[4.626220843986923,3.397989029655025,2.2390080976556894,];;[43.243958330818316,42.79712136698499,36.761977779484894,];;];
