sta_avg_delay=[[0.985153274999998,];[2.1163728000000006,];[6.202272383333334,];[9.438129816666665,];];
sta_avg_quality=[[10374.21991666667,];[6276.573583333336,];[6238.183250000001,];[6088.555583333334,];];
sta_avg_qlen=[[0.19833333333333333,0.0,0.0,0.0,0.0,];;[0.4251666666666667,0.0,0.0,0.0,0.0,];;[0.6911666666666667,0.4673333333333333,0.0835,0.0,0.0,];;[0.761,0.6723333333333333,0.337,0.1005,0.017833333333333333,];;];
sta_avg_qbacklog=[[0.1043034344969139,0.0,0.0,0.0,0.0,];;[0.4817445741601275,0.0,0.0,0.0,0.0,];;[2.3669700951564954,1.7344381679924803,0.3630399691653458,0.0,0.0,];;[4.115376322489142,3.8452646993236534,2.066223856992924,0.6202806411651651,0.09543169500007595,];;];
