lya_avg_delay=[[1.5969306610169458,0.985153274999998,];[1.628124415254234,0.989480574999998,];[1.6531240932203355,1.0672796166666652,];[1.70627628813559,1.2091993249999997,];[1.757185483050844,1.3944760999999994,];[1.7880338813559293,1.779898308333334,];[1.8850286779660994,1.9406739666666672,];[1.9043764067796587,2.0833900666666674,];[1.9508685084745736,2.1322572916666673,];[2.0658424322033877,2.18397095,];[2.1245479661016935,2.2175010250000002,];[2.136218169491524,2.3017523416666674,];[2.170230084745761,2.3191046500000008,];[2.2172136779661,2.396450708333334,];[2.337383271186439,2.419888891666667,];[2.4516494237288122,2.543766633333334,];[2.495182415254236,2.645081966666666,];[2.630494440677966,2.8821671166666665,];[2.7439550338983043,3.0568004833333333,];[2.8489686779661008,3.1699414333333333,];[2.9067364745762703,3.2998652999999996,];[3.169633610169491,3.3321551999999994,];[3.3899986186440674,3.5598103749999996,];[3.621570186440677,3.5598103749999996,];[3.6926439322033895,3.5598103749999996,];[3.831106601694914,3.595018283333333,];[3.998209135593219,3.8457424916666656,];[4.312939720338981,3.928826966666666,];[4.392762983050845,3.928826966666666,];[4.716108457627116,3.9696360083333326,];[4.782454779661015,4.060283816666666,];[4.916686593220336,4.1778778,];[4.983052305084744,4.220154358333333,];[5.1669760169491505,4.2836891249999995,];[5.329301076271186,4.2836891249999995,];[5.615066449152541,4.2836891249999995,];[5.7739703983050825,4.3349489583333325,];[5.8792033305084725,4.376190475,];[5.8792033305084725,4.376190475,];[5.951317711864405,4.542135174999999,];[6.1006744067796586,4.612998808333333,];[6.161444440677964,4.735150158333332,];[6.184689144067794,4.738246108333332,];[6.2748265338983025,4.816048824999999,];[6.358366347457625,4.816048824999999,];[6.40410012711864,4.851993974999999,];[6.462489152542369,5.014298233333333,];[6.462489152542369,5.014298233333333,];[6.500577720338979,5.060747058333332,];[6.500577720338979,5.060747058333332,];[6.5824730254237265,5.060747058333332,];[6.622350254237285,5.091274091666666,];[6.622350254237285,5.181304333333332,];[6.622350254237285,5.181304333333332,];[6.662078203389827,5.181304333333332,];[6.686160152542369,5.256832708333332,];[6.686160152542369,5.319218666666666,];[6.686160152542369,5.3803735166666655,];[6.686160152542369,5.451583333333333,];[6.686160152542369,5.508390183333333,];[6.686160152542369,5.508390183333333,];[6.686160152542369,5.508390183333333,];[6.686160152542369,5.508390183333333,];[6.686160152542369,5.5583418999999985,];[6.763500576271182,5.5583418999999985,];[6.858422737288133,5.5583418999999985,];[6.858422737288133,5.5583418999999985,];[6.858422737288133,5.5583418999999985,];[6.94816708474576,5.610908024999999,];[6.94816708474576,5.610908024999999,];[6.94816708474576,5.6940353749999995,];[6.94816708474576,5.6940353749999995,];[6.94816708474576,5.6940353749999995,];[7.013614601694914,5.6940353749999995,];[7.013614601694914,5.6940353749999995,];[7.013614601694914,5.6940353749999995,];[7.013614601694914,5.6940353749999995,];[7.013614601694914,5.6940353749999995,];[7.013614601694914,5.6940353749999995,];[7.013614601694914,5.6940353749999995,];[7.013614601694914,5.724434308333331,];[7.013614601694914,5.823455949999998,];[7.013614601694914,5.823455949999998,];[7.013614601694914,5.857442833333332,];[7.013614601694914,5.857442833333332,];[7.013614601694914,5.857442833333332,];[7.05111527118644,5.857442833333332,];[7.05111527118644,5.857442833333332,];[7.05111527118644,5.857442833333332,];[7.05111527118644,5.857442833333332,];[7.069813288135593,5.857442833333332,];[7.069813288135593,5.978368899999999,];[7.069813288135593,5.978368899999999,];[7.130419991525423,6.084855966666664,];[7.130419991525423,6.084855966666664,];[7.130419991525423,6.112102216666666,];[7.130419991525423,6.112102216666666,];[7.130419991525423,6.112102216666666,];[7.130419991525423,6.112102216666666,];[7.130419991525423,6.112102216666666,];];
lya_avg_quality=[[6400.66372881356,10374.21991666667,];[6204.233305084746,10343.442083333335,];[6074.599915254237,10005.048083333333,];[5867.46466101695,9467.582750000003,];[5694.430762711865,8781.584166666666,];[5605.022372881356,7313.796166666667,];[5449.918389830507,6772.193416666667,];[5396.61381355932,6442.776166666667,];[5364.89601694915,6327.074083333336,];[5313.887372881355,6316.511333333337,];[5298.149322033898,6277.660916666669,];[5296.099491525423,6238.6074166666685,];[5294.383728813559,6237.6595000000025,];[5287.775677966102,6231.488583333336,];[5273.72313559322,6229.506250000002,];[5261.509491525424,6216.1561666666685,];[5257.532288135592,6204.156250000002,];[5241.116610169492,6184.247083333336,];[5231.146779661018,6168.56416666667,];[5221.409745762714,6158.234250000004,];[5215.553135593223,6148.6749166666705,];[5190.918305084748,6146.222250000003,];[5173.087881355934,6128.680250000003,];[5153.86805084746,6128.680250000003,];[5148.886186440681,6128.680250000003,];[5138.675508474579,6126.009500000003,];[5127.545169491528,6108.718833333336,];[5106.496440677969,6103.503250000003,];[5102.575593220342,6103.503250000003,];[5082.54830508475,6101.282000000003,];[5078.2932203389855,6095.821250000004,];[5070.568050847461,6088.088416666669,];[5066.8448305084785,6085.439333333336,];[5056.537542372885,6081.99791666667,];[5047.505508474579,6081.99791666667,];[5031.895423728817,6081.99791666667,];[5023.810254237291,6079.285833333337,];[5018.220338983054,6077.506500000004,];[5018.220338983054,6077.506500000004,];[5014.947966101698,6069.44141666667,];[5007.606610169494,6066.28791666667,];[5005.048389830511,6061.274000000003,];[5004.245423728817,6061.113333333336,];[4999.854745762714,6057.86241666667,];[4996.127966101698,6057.86241666667,];[4994.476271186443,6056.2104166666695,];[4991.8022881355955,6048.756833333336,];[4991.8022881355955,6048.756833333336,];[4990.160508474579,6046.916333333336,];[4990.160508474579,6046.916333333336,];[4987.116271186444,6046.916333333336,];[4985.424237288138,6045.689833333336,];[4985.424237288138,6042.468000000003,];[4985.424237288138,6042.468000000003,];[4984.230000000002,6042.468000000003,];[4983.474322033901,6039.7535000000025,];[4983.474322033901,6037.056500000002,];[4983.474322033901,6034.845750000002,];[4983.474322033901,6032.093750000002,];[4983.474322033901,6030.1935833333355,];[4983.474322033901,6030.1935833333355,];[4983.474322033901,6030.1935833333355,];[4983.474322033901,6030.1935833333355,];[4983.474322033901,6028.524916666668,];[4981.157711864409,6028.524916666668,];[4978.119152542375,6028.524916666668,];[4978.119152542375,6028.524916666668,];[4978.119152542375,6028.524916666668,];[4978.119152542375,6026.852833333336,];[4978.119152542375,6026.852833333336,];[4978.119152542375,6025.047500000002,];[4978.119152542375,6025.047500000002,];[4978.119152542375,6025.047500000002,];[4976.081610169494,6025.047500000002,];[4976.081610169494,6025.047500000002,];[4976.081610169494,6025.047500000002,];[4976.081610169494,6025.047500000002,];[4976.081610169494,6025.047500000002,];[4976.081610169494,6025.047500000002,];[4976.081610169494,6025.047500000002,];[4976.081610169494,6024.288000000002,];[4976.081610169494,6021.517666666668,];[4976.081610169494,6021.517666666668,];[4976.081610169494,6020.837916666669,];[4976.081610169494,6020.837916666669,];[4976.081610169494,6020.837916666669,];[4975.370847457629,6020.837916666669,];[4975.370847457629,6020.837916666669,];[4975.370847457629,6020.837916666669,];[4975.370847457629,6020.837916666669,];[4975.226694915256,6020.837916666669,];[4975.226694915256,6017.660000000003,];[4975.226694915256,6017.660000000003,];[4973.95652542373,6014.931083333335,];[4973.95652542373,6014.931083333335,];[4973.95652542373,6014.387583333335,];[4973.95652542373,6014.387583333335,];[4973.95652542373,6014.387583333335,];[4973.95652542373,6014.387583333335,];[4973.95652542373,6014.387583333335,];];
