sta_avg_delay=[[0.985153274999998,];[2.1163728000000006,];[81.46953665833328,];[279.69573171666656,];];
sta_avg_quality=[[10374.21991666667,];[6276.573583333336,];[6238.183250000001,];[6088.555583333334,];];
sta_avg_qlen=[[0.19833333333333333,];;[0.4251666666666667,];;[12.254333333333333,];;[29.014833333333332,];;];
sta_avg_qbacklog=[[0.1043034344969139,];;[0.4817445741601275,];;[78.9970714283183,];;[277.1975662164849,];;];
