lya_avg_delay=[[1.5969306610169458,0.985153274999998,];[1.628124415254234,0.989480574999998,];[1.6531240932203355,1.0672796166666652,];[1.70627628813559,1.2091993249999997,];[1.757185483050844,1.3944760999999994,];[1.7880338813559293,1.779898308333334,];[1.8850286779660994,1.9406739666666672,];[1.9043764067796587,2.0833900666666674,];[1.9508685084745736,2.1322572916666673,];[2.0658424322033877,2.18397095,];[2.1245479661016935,2.2175010250000002,];[2.136218169491524,2.3017523416666674,];[2.170230084745761,2.3191046500000008,];[2.2172136779661,2.396450708333334,];[2.337383271186439,2.419888891666667,];[2.4516494237288122,2.543766633333334,];[2.495182415254236,2.645081966666666,];[2.6354930254237283,2.8821671166666665,];[2.779135008474576,3.1201551583333327,];[2.9280401525423727,3.233296108333333,];[2.985807949152542,3.3632199749999994,];[3.2668081949152543,3.409964041666666,];[3.5290321016949147,3.6376192166666663,];[3.767132813559322,3.674896658333333,];[3.8382065593220336,3.674896658333333,];[4.077817389830508,3.727565233333334,];[4.363823025423728,4.023611833333332,];[4.680855669491523,4.252707891666665,];[4.798699567796608,4.346094283333332,];[5.153439627118642,4.423884758333331,];[5.236401898305084,4.595113199999999,];[5.398661228813557,4.773676083333332,];[5.457759999999997,4.815952641666666,];[5.86162969491525,4.8976506666666655,];[6.128940898305081,5.114978508333332,];[6.458163889830508,5.043938583333333,];[6.629373177966102,5.2172270916666665,];[6.867966830508476,5.408184258333332,];[6.867966830508476,5.408184258333332,];[7.177065093220337,5.358620516666665,];[7.416747449152538,5.4294841499999995,];[7.553923355932203,5.943043533333335,];[7.577168059322035,5.946139483333335,];[7.724879711864407,6.159384733333332,];[7.808419525423729,6.205417616666666,];[7.85205056779661,6.28370085,];[8.065350423728813,6.875579141666665,];[8.065350423728813,6.875579141666665,];[8.04531272033898,6.856668491666666,];[8.04531272033898,6.856668491666666,];[8.292068237288133,6.880988808333331,];[8.372071050847454,6.951471324999997,];[8.493043855932198,7.100834766666663,];[8.493043855932198,7.100834766666663,];[8.53277180508474,7.100834766666663,];[8.687676983050837,7.243503083333327,];[8.687676983050837,7.305889041666662,];[8.785371322033887,7.384171908333329,];[8.790691313559314,7.503749941666661,];[8.722503508474567,7.630040691666662,];[8.722503508474567,7.630040691666662,];[8.722503508474567,7.630040691666662,];[8.722503508474567,7.630040691666662,];[8.75306472881355,7.8405976833333275,];[9.13699812711864,7.829531508333327,];[9.109435932203388,7.830248816666665,];[9.109435932203388,7.830248816666665,];[9.109435932203388,7.830248816666665,];[9.07271020338983,8.134736399999994,];[9.07271020338983,8.134736399999994,];[9.140634771186438,8.423865849999995,];[9.140634771186438,8.423865849999995,];[9.140634771186438,8.423865849999995,];[9.404945644067796,8.255052966666662,];[9.404945644067796,8.255052966666662,];[9.404945644067796,8.255052966666662,];[9.404945644067796,8.255052966666662,];[9.404945644067796,8.255052966666662,];[9.404945644067796,8.255052966666662,];[9.404945644067796,8.255052966666662,];[9.481508999999999,8.285451899999995,];[9.52191574576271,8.547113574999996,];[9.52191574576271,8.547113574999996,];[9.52191574576271,8.547113574999996,];[9.52191574576271,8.547113574999996,];[10.348664983050845,8.912431541666669,];[9.88698330508475,8.67078109166667,];[9.88698330508475,8.67078109166667,];[9.88698330508475,8.67078109166667,];[9.88698330508475,8.67078109166667,];[9.946298127118641,8.672365675000004,];[9.973318144067793,9.10003320833334,];[9.973318144067793,9.10003320833334,];[10.241436423728816,9.022624283333341,];[10.241436423728816,9.022624283333341,];[10.241436423728816,9.049870533333339,];[10.241436423728816,9.049870533333339,];[10.241436423728816,9.049870533333339,];[10.241436423728816,9.049870533333339,];[10.241436423728816,9.049870533333339,];];
lya_avg_quality=[[6400.66372881356,10374.21991666667,];[6204.233305084746,10343.442083333335,];[6074.599915254237,10005.048083333333,];[5867.46466101695,9467.582750000003,];[5694.430762711865,8781.584166666666,];[5605.022372881356,7313.796166666667,];[5449.918389830507,6772.193416666667,];[5396.61381355932,6442.776166666667,];[5364.89601694915,6327.074083333336,];[5313.887372881355,6316.511333333337,];[5298.149322033898,6277.660916666669,];[5296.099491525423,6238.6074166666685,];[5294.383728813559,6237.6595000000025,];[5287.775677966102,6231.488583333336,];[5273.72313559322,6229.506250000002,];[5261.509491525424,6216.1561666666685,];[5257.532288135592,6204.156250000002,];[5241.116610169492,6184.247083333336,];[5231.146779661018,6168.56416666667,];[5221.409745762714,6158.234250000004,];[5215.553135593223,6148.6749166666705,];[5190.918305084748,6146.222250000003,];[5173.087881355934,6128.680250000003,];[5153.86805084746,6128.680250000003,];[5148.886186440681,6128.680250000003,];[5138.675508474579,6126.009500000003,];[5127.545169491528,6108.718833333336,];[5106.496440677969,6103.503250000003,];[5102.575593220342,6103.503250000003,];[5082.54830508475,6101.282000000003,];[5078.2932203389855,6095.821250000004,];[5070.568050847461,6088.088416666669,];[5066.8448305084785,6085.439333333336,];[5056.537542372885,6081.99791666667,];[5047.505508474579,6081.99791666667,];[5035.064322033901,6081.99791666667,];[5026.979152542375,6079.285833333337,];[5024.396864406781,6077.506500000004,];[5024.396864406781,6077.506500000004,];[5018.116864406782,6069.44141666667,];[5010.775508474579,6066.28791666667,];[5011.224915254239,6061.274000000003,];[5010.421949152544,6061.113333333336,];[5006.031271186443,6057.86241666667,];[5002.304491525425,6057.86241666667,];[5000.65279661017,6056.2104166666695,];[4994.97118644068,6048.756833333336,];[4994.97118644068,6048.756833333336,];[4993.329406779663,6046.916333333336,];[4993.329406779663,6046.916333333336,];[4990.285169491528,6046.916333333336,];[4988.593135593223,6045.689833333336,];[4988.593135593223,6042.468000000003,];[4988.593135593223,6042.468000000003,];[4987.398898305088,6042.468000000003,];[4985.30118644068,6039.7535000000025,];[4985.30118644068,6037.056500000002,];[4985.30118644068,6034.845750000002,];[4985.30118644068,6032.093750000002,];[4985.30118644068,6030.1935833333355,];[4985.30118644068,6030.1935833333355,];[4985.30118644068,6030.1935833333355,];[4985.30118644068,6030.1935833333355,];[4985.30118644068,6028.524916666668,];[4981.157711864409,6028.524916666668,];[4978.119152542375,6032.1564166666685,];[4978.119152542375,6032.1564166666685,];[4978.119152542375,6032.1564166666685,];[4983.630338983052,6026.852833333336,];[4983.630338983052,6026.852833333336,];[4983.630338983052,6025.047500000002,];[4983.630338983052,6025.047500000002,];[4983.630338983052,6025.047500000002,];[4981.592796610171,6025.047500000002,];[4981.592796610171,6025.047500000002,];[4981.592796610171,6025.047500000002,];[4981.592796610171,6025.047500000002,];[4981.592796610171,6025.047500000002,];[4981.592796610171,6025.047500000002,];[4981.592796610171,6025.047500000002,];[4981.592796610171,6024.288000000002,];[4981.592796610171,6021.517666666668,];[4981.592796610171,6021.517666666668,];[4981.592796610171,6021.517666666668,];[4981.592796610171,6021.517666666668,];[4976.081610169494,6021.517666666668,];[4977.197711864408,6021.517666666668,];[4977.197711864408,6021.517666666668,];[4977.197711864408,6021.517666666668,];[4977.197711864408,6021.517666666668,];[4977.053559322036,6021.517666666668,];[4978.4916101694935,6019.326500000002,];[4978.4916101694935,6019.326500000002,];[4978.433135593222,6016.734833333336,];[4978.433135593222,6016.734833333336,];[4978.433135593222,6016.191333333336,];[4978.433135593222,6016.191333333336,];[4978.433135593222,6016.191333333336,];[4978.433135593222,6016.191333333336,];[4978.433135593222,6016.191333333336,];];
