sta_avg_delay=[[2.0012158559322035,0.985153274999998,];[1.8875461949152519,2.1163728000000006,];[5.098214805084748,6.202272383333334,];[8.10678079661017,9.97720900833333,];];
sta_avg_quality=[[8556.943220338984,10374.21991666667,];[5363.332966101694,6276.573583333336,];[5131.715084745762,6238.183250000001,];[4985.707966101697,6088.555583333334,];];
sta_avg_qlen=[[0.2981666666666667,0.2956666666666667,0.0,0.0,0.0,];;[0.401,0.3975,0.0,0.0,0.0,];;[0.6973333333333334,0.703,0.5281666666666667,0.27016666666666667,0.048666666666666664,];;[0.9758333333333333,0.8458333333333333,0.7063333333333334,0.648,0.4166666666666667,];;];
sta_avg_qbacklog=[[0.27772658966190644,0.27147618349541475,0.0,0.0,0.0,];;[0.42971401982702334,0.42426660632729113,0.0,0.0,0.0,];;[2.283317243322973,1.9915194031572216,1.8498211481578646,0.9295598239946584,0.1960387883319498,];;[5.560732143320369,4.225330439154763,3.6687150391565315,3.306433622156467,2.222482797491469,];;];
