lya_avg_delay=[[1.5969306610169458,];[1.628124415254234,];[1.6531240932203355,];[1.70627628813559,];[1.757185483050844,];[1.7880338813559293,];[1.8866332796610148,];[1.905981008474574,];[1.9685546864406753,];[2.1663613559322017,];[2.24276406779661,];[2.2544342711864407,];[2.343189203389829,];[2.370002364406778,];[2.624392466101694,];[2.7713689915254234,];[2.8275941525423725,];[3.257500449152543,];[3.398222754237288,];[3.4492958220338985,];[3.572517372881356,];[3.7834272627118644,];[4.220584516949152,];[4.642827093220339,];[4.776094966101694,];[4.985657864406766,];[5.313564296610155,];[5.80136415254236,];[5.935110042372867,];[7.03407654237287,];[7.062850669491515,];[6.972766525423726,];[7.109024067796608,];[7.747816423728803,];[7.983847067796592,];[8.848087466101692,];[8.51902481355929,];[8.613157669491493,];[8.490915822033864,];[8.619962601694896,];[9.123585194915218,];[9.123585194915218,];[9.192835525423693,];[9.413019084745725,];[9.597953703389807,];[9.686382974576263,];[9.69687766101693,];[9.609354567796595,];[10.01304236440677,];[10.234424661016929,];[10.575062508474549,];[10.878662822033844,];[11.214994305084689,];[11.817489364406715,];[12.083744110169441,];[12.177475237288109,];[12.22982744915252,];[12.22982744915252,];[12.398074042372867,];[12.398074042372867,];[12.448863135593212,];[12.448863135593212,];[12.63416184745763,];[12.998224279661017,];[13.2815065169491,];[13.2815065169491,];[12.671009440677947,];[13.428596618644077,];[13.452358194915252,];[13.690143576271112,];[14.521502415254139,];[14.461375644067783,];[14.461375644067783,];[14.920199889830448,];[14.920199889830448,];[14.706678457627026,];[14.542986644067712,];[14.542986644067712,];[14.790751067796538,];[15.77298802542365,];[15.766668271186354,];[15.766668271186354,];[16.874518940677874,];[16.874518940677874,];[16.874518940677874,];[17.05729605084737,];[16.905366347457534,];[16.88391735593216,];[16.88391735593216,];[16.88391735593216,];[16.88391735593216,];[16.88391735593216,];[17.868641618644013,];[17.194025296610107,];[17.194025296610107,];[17.194025296610107,];[17.194025296610107,];[17.634120559321985,];[18.94702410169487,];[18.94702410169487,];];
lya_avg_quality=[[6400.66372881356,];[6204.233305084746,];[6074.599915254237,];[5867.46466101695,];[5694.430762711865,];[5605.022372881356,];[5449.918389830507,];[5396.61381355932,];[5364.89601694915,];[5313.887372881355,];[5298.149322033898,];[5296.099491525423,];[5294.383728813559,];[5291.696610169492,];[5277.64406779661,];[5265.4304237288125,];[5261.453220338983,];[5245.037542372882,];[5235.660084745763,];[5231.44593220339,];[5225.5893220338985,];[5215.565762711865,];[5197.735338983053,];[5183.089915254239,];[5178.10805084746,];[5186.714237288138,];[5175.583898305086,];[5164.552711864409,];[5163.2106779661035,];[5136.887966101696,];[5135.128305084747,];[5139.942881355933,];[5136.21966101695,];[5119.9371186440685,];[5116.408135593222,];[5108.834152542376,];[5111.366101694917,];[5109.169152542375,];[5110.5188135593235,];[5110.177033898307,];[5104.501779661018,];[5104.501779661018,];[5101.861440677968,];[5100.42338983051,];[5098.588389830511,];[5096.918559322036,];[5097.837796610172,];[5098.594745762714,];[5097.097033898308,];[5105.24084745763,];[5092.5213559322065,];[5089.086864406782,];[5082.622966101698,];[5086.603813559324,];[5084.37991525424,];[5084.915423728816,];[5080.836864406782,];[5080.836864406782,];[5080.389491525427,];[5080.389491525427,];[5078.04398305085,];[5078.04398305085,];[5077.838559322036,];[5084.230254237289,];[5079.399067796612,];[5079.399067796612,];[5080.469576271189,];[5079.995084745764,];[5081.294915254239,];[5079.246610169494,];[5078.140593220341,];[5083.355847457629,];[5083.355847457629,];[5082.58618644068,];[5082.58618644068,];[5082.790084745765,];[5076.315847457629,];[5076.315847457629,];[5081.047457627122,];[5076.811864406781,];[5073.274237288138,];[5073.274237288138,];[5067.751355932206,];[5067.751355932206,];[5067.751355932206,];[5064.798728813561,];[5072.046949152544,];[5070.835169491526,];[5070.835169491526,];[5070.835169491526,];[5070.835169491526,];[5070.835169491526,];[5059.95805084746,];[5069.809322033901,];[5069.809322033901,];[5069.809322033901,];[5069.809322033901,];[5069.898898305087,];[5061.828135593223,];[5061.828135593223,];];
lya_avg_qlen=[[0.3165,];;[0.3225,];;[0.3273333333333333,];;[0.33766666666666667,];;[0.3478333333333333,];;[0.3536666666666667,];;[0.37316666666666665,];;[0.377,];;[0.3893333333333333,];;[0.42833333333333334,];;[0.4435,];;[0.44583333333333336,];;[0.4635,];;[0.4688333333333333,];;[0.5188333333333334,];;[0.5476666666666666,];;[0.5588333333333333,];;[0.6431666666666667,];;[0.671,];;[0.681,];;[0.7053333333333334,];;[0.7466666666666667,];;[0.8323333333333334,];;[0.915,];;[0.941,];;[0.9821666666666666,];;[1.0468333333333333,];;[1.1421666666666668,];;[1.1686666666666667,];;[1.385,];;[1.3906666666666667,];;[1.3731666666666666,];;[1.4,];;[1.5253333333333334,];;[1.5716666666666668,];;[1.7416666666666667,];;[1.6763333333333332,];;[1.6948333333333334,];;[1.6708333333333334,];;[1.6965,];;[1.7963333333333333,];;[1.7963333333333333,];;[1.8098333333333334,];;[1.8536666666666666,];;[1.8895,];;[1.9068333333333334,];;[1.909,];;[1.8915,];;[1.971,];;[2.0143333333333335,];;[2.0816666666666666,];;[2.141166666666667,];;[2.204,];;[2.3241666666666667,];;[2.3735,];;[2.3925,];;[2.4025,];;[2.4025,];;[2.4355,];;[2.4355,];;[2.4461666666666666,];;[2.4461666666666666,];;[2.4843333333333333,];;[2.5501666666666667,];;[2.6083333333333334,];;[2.6083333333333334,];;[2.4896666666666665,];;[2.6238333333333332,];;[2.628,];;[2.6885,];;[2.8415,];;[2.829,];;[2.829,];;[2.9203333333333332,];;[2.9203333333333332,];;[2.8795,];;[2.8461666666666665,];;[2.8461666666666665,];;[2.9015,];;[3.0646666666666667,];;[3.087833333333333,];;[3.087833333333333,];;[3.258,];;[3.258,];;[3.258,];;[3.258,];;[3.271333333333333,];;[3.267333333333333,];;[3.267333333333333,];;[3.267333333333333,];;[3.267333333333333,];;[3.267333333333333,];;[3.395166666666667,];;[3.3291666666666666,];;[3.3291666666666666,];;[3.3291666666666666,];;[3.3291666666666666,];;[3.4088333333333334,];;[3.6161666666666665,];;[3.6161666666666665,];;];
