sta_avg_delay=[[0.985153274999998,];[2.1163728000000006,];[6.202272383333334,];[10.176497083333333,];];
sta_avg_quality=[[10374.21991666667,];[6276.573583333336,];[6238.183250000001,];[6088.555583333335,];];
sta_avg_qlen=[[0.19833333333333333,0.0,0.0,];;[0.4251666666666667,0.0,0.0,];;[0.6911666666666667,0.4673333333333333,0.0835,];;[0.9163333333333333,0.7426666666666667,0.3775,];;];
sta_avg_qbacklog=[[0.1043034344969139,0.0,0.0,];;[0.4817445741601275,0.0,0.0,];;[2.3669700951564954,1.7344381679924803,0.3630399691653458,];;[5.81932641565514,4.423609970823563,2.1524456469922213,];;];
