lya_avg_delay=[[1.5969306610169458,];[1.628124415254234,];[1.6531240932203355,];[1.70627628813559,];[1.757185483050844,];[1.7880338813559293,];[1.8850286779660994,];[1.9043764067796587,];[1.9508685084745736,];[2.0658424322033877,];[2.1245479661016935,];[2.136218169491524,];[2.170230084745761,];[2.2172136779661,];[2.337383271186439,];[2.4516494237288122,];[2.495182415254236,];[2.630494440677966,];[2.7516756440677956,];[2.8568515169491513,];[2.914619313559321,];[3.2120208305084748,];[3.476115110169492,];[3.7177532881355932,];[3.7888270338983054,];[3.9953300254237267,];[4.162432559322032,];[4.555741211864407,];[4.6846107881355925,];[5.007956262711865,];[5.074302584745762,];[5.1919882118644045,];[5.258353923728812,];[5.473900008474575,];[5.63622506779661,];[5.986439186440677,];[6.145343135593219,];[6.234839661016949,];[6.234839661016949,];[6.352538389830506,];[6.502383822033893,];[6.573718279661013,];[6.596962983050843,];[6.687100372881352,];[6.773018406779655,];[6.818752186440672,];[6.90368691525423,];[6.90368691525423,];[6.941775483050843,];[6.941775483050843,];[7.023670788135588,];[7.063548016949149,];[7.063548016949149,];[7.063548016949149,];[7.10327596610169,];[7.127357915254232,];[7.127357915254232,];[7.127357915254232,];[7.127357915254232,];[7.127357915254232,];[7.127357915254232,];[7.127357915254232,];[7.127357915254232,];[7.127357915254232,];[7.218598449152537,];[7.462191703389826,];[7.462191703389826,];[7.462191703389826,];[7.462191703389826,];[7.462191703389826,];[7.462191703389826,];[7.462191703389826,];[7.462191703389826,];[7.52763922033898,];[7.52763922033898,];[7.52763922033898,];[7.52763922033898,];[7.52763922033898,];[7.52763922033898,];[7.52763922033898,];[7.52763922033898,];[7.52763922033898,];[7.52763922033898,];[7.52763922033898,];[7.52763922033898,];[7.52763922033898,];[7.565139889830506,];[7.565139889830506,];[7.565139889830506,];[7.565139889830506,];[7.585230144067793,];[7.585230144067793,];[7.585230144067793,];[7.705031406779656,];[7.705031406779656,];[7.705031406779656,];[7.705031406779656,];[7.705031406779656,];[7.705031406779656,];[7.705031406779656,];];
lya_avg_quality=[[6400.66372881356,];[6204.233305084746,];[6074.599915254237,];[5867.46466101695,];[5694.430762711865,];[5605.022372881356,];[5449.918389830507,];[5396.61381355932,];[5364.89601694915,];[5313.887372881355,];[5298.149322033898,];[5296.099491525423,];[5294.383728813559,];[5287.775677966102,];[5273.72313559322,];[5261.509491525424,];[5257.532288135592,];[5241.116610169492,];[5231.146779661018,];[5221.409745762714,];[5215.553135593223,];[5190.918305084748,];[5173.087881355934,];[5153.86805084746,];[5148.886186440681,];[5138.675508474579,];[5127.545169491528,];[5106.496440677969,];[5102.575593220342,];[5082.54830508475,];[5078.2932203389855,];[5070.568050847461,];[5066.8448305084785,];[5056.537542372885,];[5047.505508474579,];[5031.895423728817,];[5023.810254237291,];[5018.220338983054,];[5018.220338983054,];[5014.947966101698,];[5007.606610169494,];[5005.048389830511,];[5004.245423728817,];[4999.854745762714,];[4996.127966101698,];[4994.476271186443,];[4991.8022881355955,];[4991.8022881355955,];[4990.160508474579,];[4990.160508474579,];[4987.116271186444,];[4985.424237288138,];[4985.424237288138,];[4985.424237288138,];[4984.230000000002,];[4983.474322033901,];[4983.474322033901,];[4983.474322033901,];[4983.474322033901,];[4983.474322033901,];[4983.474322033901,];[4983.474322033901,];[4983.474322033901,];[4983.474322033901,];[4981.157711864409,];[4978.119152542375,];[4978.119152542375,];[4978.119152542375,];[4978.119152542375,];[4978.119152542375,];[4978.119152542375,];[4978.119152542375,];[4978.119152542375,];[4976.081610169494,];[4976.081610169494,];[4976.081610169494,];[4976.081610169494,];[4976.081610169494,];[4976.081610169494,];[4976.081610169494,];[4976.081610169494,];[4976.081610169494,];[4976.081610169494,];[4976.081610169494,];[4976.081610169494,];[4976.081610169494,];[4975.370847457629,];[4975.370847457629,];[4975.370847457629,];[4975.370847457629,];[4975.226694915256,];[4975.226694915256,];[4975.226694915256,];[4973.95652542373,];[4973.95652542373,];[4973.95652542373,];[4973.95652542373,];[4973.95652542373,];[4973.95652542373,];[4973.95652542373,];];
lya_avg_qlen=[[0.3165,0.0,];;[0.3225,0.0,];;[0.3273333333333333,0.0,];;[0.33766666666666667,0.0,];;[0.3478333333333333,0.0,];;[0.3536666666666667,0.0,];;[0.36933333333333335,0.0035,];;[0.37316666666666665,0.0035,];;[0.37966666666666665,0.006166666666666667,];;[0.38966666666666666,0.018833333333333334,];;[0.39266666666666666,0.0275,];;[0.395,0.0275,];;[0.3985,0.030833333333333334,];;[0.4038333333333333,0.034833333333333334,];;[0.4136666666666667,0.0485,];;[0.42766666666666664,0.05683333333333333,];;[0.42983333333333335,0.06316666666666666,];;[0.443,0.0765,];;[0.4608333333333333,0.0825,];;[0.47,0.094,];;[0.4723333333333333,0.103,];;[0.5061666666666667,0.12766666666666668,];;[0.5348333333333334,0.151,];;[0.5495,0.18366666666666667,];;[0.5546666666666666,0.19233333333333333,];;[0.588,0.19983333333333334,];;[0.6123333333333333,0.2085,];;[0.6475,0.25016666666666665,];;[0.6626666666666666,0.2605,];;[0.6813333333333333,0.30533333333333335,];;[0.6918333333333333,0.308,];;[0.6941666666666667,0.329,];;[0.6998333333333333,0.3365,];;[0.7163333333333334,0.362,];;[0.7251666666666666,0.38483333333333336,];;[0.7578333333333334,0.421,];;[0.7741666666666667,0.436,];;[0.7646666666666667,0.463,];;[0.7646666666666667,0.463,];;[0.7715,0.4795,];;[0.788,0.4925,];;[0.8,0.49433333333333335,];;[0.8045,0.49433333333333335,];;[0.816,0.5005,];;[0.8201666666666667,0.5133333333333333,];;[0.8201666666666667,0.5223333333333333,];;[0.8296666666666667,0.5296666666666666,];;[0.8296666666666667,0.5296666666666666,];;[0.8296666666666667,0.5371666666666667,];;[0.8296666666666667,0.5371666666666667,];;[0.8356666666666667,0.5471666666666667,];;[0.8338333333333333,0.5568333333333333,];;[0.8338333333333333,0.5568333333333333,];;[0.8338333333333333,0.5568333333333333,];;[0.8366666666666667,0.5618333333333333,];;[0.8415,0.5618333333333333,];;[0.8415,0.5618333333333333,];;[0.8415,0.5618333333333333,];;[0.8415,0.5618333333333333,];;[0.8415,0.5618333333333333,];;[0.8415,0.5618333333333333,];;[0.8415,0.5618333333333333,];;[0.8415,0.5618333333333333,];;[0.8415,0.5618333333333333,];;[0.8446666666666667,0.5765,];;[0.8823333333333333,0.5866666666666667,];;[0.8823333333333333,0.5866666666666667,];;[0.8823333333333333,0.5866666666666667,];;[0.8823333333333333,0.5866666666666667,];;[0.8823333333333333,0.5866666666666667,];;[0.8823333333333333,0.5866666666666667,];;[0.8823333333333333,0.5866666666666667,];;[0.8823333333333333,0.5866666666666667,];;[0.8823333333333333,0.5996666666666667,];;[0.8823333333333333,0.5996666666666667,];;[0.8823333333333333,0.5996666666666667,];;[0.8823333333333333,0.5996666666666667,];;[0.8823333333333333,0.5996666666666667,];;[0.8823333333333333,0.5996666666666667,];;[0.8823333333333333,0.5996666666666667,];;[0.8823333333333333,0.5996666666666667,];;[0.8823333333333333,0.5996666666666667,];;[0.8823333333333333,0.5996666666666667,];;[0.8823333333333333,0.5996666666666667,];;[0.8823333333333333,0.5996666666666667,];;[0.8823333333333333,0.5996666666666667,];;[0.8823333333333333,0.607,];;[0.8823333333333333,0.607,];;[0.8823333333333333,0.607,];;[0.8823333333333333,0.607,];;[0.8823333333333333,0.6108333333333333,];;[0.8823333333333333,0.6108333333333333,];;[0.8823333333333333,0.6108333333333333,];;[0.8995,0.617,];;[0.8995,0.617,];;[0.8995,0.617,];;[0.8995,0.617,];;[0.8995,0.617,];;[0.8995,0.617,];;[0.8995,0.617,];;];
