lya_avg_delay=[[2.0927785762711824,1.7729528833333297,];[2.12397233050847,1.7976491999999962,];[2.1926723474576226,1.9000312583333303,];[2.3067283559322003,2.060865816666664,];[2.460869144067793,2.2742596333333305,];[2.68753569491525,2.651804399999998,];[2.8407390508474535,2.842259191666664,];[2.9334755762711837,2.9978820166666655,];[3.037982432203387,3.087756608333332,];[3.3226977288135595,3.285747041666667,];[3.4449434745762693,3.3869679416666663,];[3.6675321949152524,3.6085081083333326,];[3.8689407966101714,3.77365756666667,];[4.068344110169493,3.9318642166666695,];[4.405542915254242,4.21045973333334,];[4.619593254237286,4.500556666666667,];[4.989426762711886,4.919004783333354,];[5.382270889830515,5.316858941666674,];[5.64719844915255,5.4807000083333435,];[6.069222940677978,6.09264078333335,];[5.958356228813561,6.104535975000005,];[6.340054754237289,6.469750266666668,];[6.67646161864405,6.853717008333319,];[7.280650449152508,7.364294241666636,];[7.1982305338982835,7.3109383416666445,];[7.204625033898288,7.264540374999986,];[7.586308940677949,7.595072058333317,];[8.062794059321968,8.085673108333266,];[8.062794059321968,8.085673108333266,];[8.329318211864322,8.128385874999918,];[8.53667438135585,8.31507237499992,];[9.076161101694828,8.785412691666583,];[9.074950567796515,8.823895599999908,];[9.215503906779585,8.96528786666659,];[9.215503906779585,8.96528786666659,];[9.370030389830417,9.108243533333242,];[9.186629652542328,8.84626220833329,];[9.28988465254234,8.99475734166664,];[9.449403296610136,9.216171974999968,];[9.782344533898275,9.524275124999974,];[9.969953101694882,9.735133224999966,];[10.078764415254192,9.935616033333284,];[10.663020025423672,10.486017316666608,];[10.689054372881293,10.52495215833327,];[10.846646457627019,10.680129091666569,];[10.840888762711765,10.695825899999905,];[11.422086559321908,11.414103224999872,];[11.812098754237166,11.852324966666542,];[12.150082330508393,12.122888199999904,];[12.323713686440552,12.251743616666545,];[12.436092669491401,12.339032208333204,];[12.210524864406679,12.063973316666555,];[12.569739228813482,12.489308024999918,];[12.603657059321957,12.51854214166659,];[13.412202796610039,13.378506633333208,];[12.889126771186353,12.859732466666587,];[12.983791576271072,12.986504941666556,];[13.51293953389818,13.650620308333195,];[13.670751008474442,13.723993699999859,];[13.664993313559185,13.739690508333199,];[13.95573653389817,14.107273008333202,];[13.708777813559196,13.883420958333208,];[13.708777813559196,13.883420958333208,];[12.941579347457514,13.160487608333225,];[13.57328757627108,13.635597624999882,];[14.641415398304984,14.95924207499991,];[14.641415398304984,14.95924207499991,];[14.641415398304984,14.95924207499991,];[14.641415398304984,14.95924207499991,];[14.641415398304984,14.95924207499991,];[14.391530059321948,14.557843091666566,];[14.784443042372798,15.120778308333245,];[14.438365542372784,14.675296841666583,];[14.438365542372784,14.675296841666583,];[15.068334754237169,15.278343641666543,];[15.34571288983038,15.578374324999876,];[15.732569855932063,15.91265164166652,];[15.865515898304947,16.063494266666527,];[15.865515898304947,16.063494266666527,];[15.920410584745643,16.17982003333321,];[14.905370067796504,15.1777502749999,];[14.740098432203263,15.016404633333202,];[15.277442322033808,15.484736499999906,];[17.227004415254104,17.308710633333195,];[16.35542505932196,16.50791128333326,];[16.444839474576202,16.545181358333256,];[16.444839474576202,16.545181358333256,];[16.444839474576202,16.545181358333256,];[16.444839474576202,16.545181358333256,];[16.444839474576202,16.545181358333256,];[16.262769974576216,16.342249366666625,];[17.89524779661007,17.901344191666578,];[17.89524779661007,17.901344191666578,];[18.315306067796516,18.38324437499991,];[18.703347042372783,18.83663517499991,];[18.703347042372783,18.83663517499991,];[18.124141406779536,18.387795791666544,];[18.577178686440547,18.929372149999875,];[18.745736872881213,18.986651383333204,];[19.220080177965986,19.428518949999876,];];
lya_avg_quality=[[6400.66372881356,10374.21991666667,];[6204.233305084746,10343.442083333335,];[6074.599915254237,10005.048083333333,];[5867.46466101695,9467.582750000003,];[5694.430762711865,8781.584166666666,];[5635.335847457627,7313.796166666667,];[5480.231864406778,6944.556666666667,];[5426.927288135592,6643.206333333334,];[5395.209491525423,6518.730666666667,];[5411.726949152541,6740.677083333333,];[5420.003983050849,6616.242083333333,];[5417.954152542374,6566.6866666666665,];[5440.8388983050845,6526.490250000001,];[5438.151779661017,6557.108916666668,];[5426.551610169491,6595.740000000001,];[5430.173305084745,6638.726166666668,];[5429.336694915254,6671.795416666669,];[5426.458644067798,6684.358833333335,];[5417.081186440679,6559.0041666666675,];[5406.854576271187,6531.943833333336,];[5384.19093220339,6488.21441666667,];[5333.425084745762,6479.146333333335,];[5372.300762711865,6399.841500000003,];[5347.53906779661,6347.680000000003,];[5348.758983050847,6342.441916666669,];[5323.577372881356,6301.835750000003,];[5325.452118644069,6283.376250000003,];[5379.417627118644,6271.087500000002,];[5379.417627118644,6271.087500000002,];[5343.201186440677,6337.052750000003,];[5336.108813559322,6338.275583333336,];[5379.15440677966,6372.0435000000025,];[5385.681016949153,6303.147083333336,];[5385.681016949153,6311.125833333335,];[5385.681016949153,6311.125833333335,];[5355.543474576271,6326.750833333336,];[5342.90440677966,6311.332250000003,];[5312.9456779661,6311.332250000003,];[5310.061949152542,6292.070833333336,];[5300.515677966101,6301.575833333336,];[5331.88,6357.625000000002,];[5340.062033898304,6351.883250000002,];[5336.376440677966,6320.730500000002,];[5333.713898305084,6320.730500000002,];[5326.509576271185,6344.931833333335,];[5359.309661016949,6310.679583333335,];[5288.655847457626,6252.441250000003,];[5282.129237288134,6251.218416666669,];[5277.540169491525,6253.6315833333365,];[5325.415762711864,6232.351000000003,];[5292.6156779661005,6233.573833333337,];[5331.666186440679,6264.565916666669,];[5291.8466949152535,6233.573833333337,];[5333.12093220339,6284.536583333336,];[5309.652627118644,6342.495000000001,];[5273.436864406779,6261.434250000002,];[5299.939830508474,6227.237000000003,];[5281.5063559322025,6214.2445000000025,];[5321.928728813558,6275.649500000002,];[5354.728813559321,6241.397250000004,];[5341.261864406779,6241.397250000004,];[5285.905169491526,6216.401583333336,];[5285.905169491526,6216.401583333336,];[5319.880423728814,6215.421083333336,];[5275.843474576272,6226.2594166666695,];[5288.145338983051,6211.457000000003,];[5288.145338983051,6211.457000000003,];[5288.145338983051,6211.457000000003,];[5288.145338983051,6211.457000000003,];[5288.145338983051,6211.457000000003,];[5286.214576271186,6212.225583333336,];[5294.763728813559,6201.117833333336,];[5292.3706779661015,6203.812166666669,];[5292.3706779661015,6203.812166666669,];[5294.858644067796,6199.2712500000025,];[5287.766271186441,6199.2712500000025,];[5318.968559322033,6199.2712500000025,];[5292.465593220339,6199.2712500000025,];[5292.465593220339,6199.2712500000025,];[5287.487627118643,6201.3621666666695,];[5282.7250847457635,6203.812166666669,];[5274.787118644069,6207.668000000003,];[5277.665423728815,6206.22741666667,];[5276.651694915255,6209.956500000003,];[5272.447203389831,6211.452000000003,];[5273.827966101694,6217.256750000002,];[5273.827966101694,6217.256750000002,];[5273.827966101694,6217.256750000002,];[5273.827966101694,6217.256750000002,];[5273.827966101694,6217.256750000002,];[5263.414237288136,6222.15941666667,];[5265.609576271187,6221.691750000003,];[5265.609576271187,6221.691750000003,];[5256.765084745763,6221.691750000003,];[5263.547033898304,6215.359250000003,];[5263.547033898304,6215.359250000003,];[5260.825338983051,6209.17066666667,];[5280.509745762712,6201.642833333335,];[5266.715338983051,6209.17066666667,];[5264.7695762711855,6213.904333333337,];];
