lya_avg_delay=[[0.985153274999998,];[0.989480574999998,];[1.0672796166666652,];[1.2091993249999997,];[1.3944760999999994,];[1.779898308333334,];[1.9406739666666672,];[2.0833900666666674,];[2.1322572916666673,];[2.18397095,];[2.2175010250000002,];[2.3017523416666674,];[2.3191046500000008,];[2.396450708333334,];[2.419888891666667,];[2.543766633333334,];[2.645081966666666,];[2.8870823916666666,];[3.125070433333333,];[3.2382113833333332,];[3.3681352499999995,];[3.400425149999999,];[3.6280803249999996,];[3.6280803249999996,];[3.6280803249999996,];[3.663288233333333,];[3.961752116666666,];[4.044836591666666,];[4.044836591666666,];[4.085645633333333,];[4.176293441666666,];[4.293887424999999,];[4.336163983333333,];[4.399698749999999,];[4.399698749999999,];[4.399698749999999,];[4.450958583333333,];[4.4922001,];[4.4922001,];[4.662417008333333,];[4.733280641666666,];[4.9459833416666665,];[4.949079291666666,];[5.026882008333333,];[5.026882008333333,];[5.062827158333333,];[5.244811775,];[5.244811775,];[5.2912606,];[5.2912606,];[5.2912606,];[5.321787633333332,];[5.418278208333334,];[5.418278208333334,];[5.418278208333334,];[5.506861608333333,];[5.569247566666666,];[5.620914049999998,];[5.692123866666665,];[5.748930716666665,];[5.748930716666665,];[5.748930716666665,];[5.748930716666665,];[5.798882433333333,];[5.798882433333333,];[5.798882433333333,];[5.798882433333333,];[5.798882433333333,];[5.821844674999995,];[5.821844674999995,];[5.930644208333328,];[5.930644208333328,];[5.930644208333328,];[5.930644208333328,];[5.930644208333328,];[5.930644208333328,];[5.930644208333328,];[5.930644208333328,];[5.930644208333328,];[5.930644208333328,];[5.961043141666662,];[6.0600647833333285,];[6.0600647833333285,];[6.09405166666666,];[6.09405166666666,];[6.09405166666666,];[6.09405166666666,];[6.09405166666666,];[6.09405166666666,];[6.09405166666666,];[6.09405166666666,];[6.525114141666659,];[6.525114141666659,];[6.784094374999996,];[6.784094374999996,];[6.811340624999996,];[6.811340624999996,];[6.811340624999996,];[6.811340624999996,];[6.811340624999996,];];
lya_avg_quality=[[10374.21991666667,];[10343.442083333335,];[10005.048083333333,];[9467.582750000003,];[8781.584166666666,];[7313.796166666667,];[6772.193416666667,];[6442.776166666667,];[6327.074083333336,];[6316.511333333337,];[6277.660916666669,];[6238.6074166666685,];[6237.6595000000025,];[6231.488583333336,];[6229.506250000002,];[6216.1561666666685,];[6204.156250000002,];[6184.247083333336,];[6168.56416666667,];[6158.234250000004,];[6148.6749166666705,];[6146.222250000003,];[6128.680250000003,];[6128.680250000003,];[6128.680250000003,];[6126.009500000003,];[6108.718833333336,];[6103.503250000003,];[6103.503250000003,];[6101.282000000003,];[6095.821250000004,];[6088.088416666669,];[6085.439333333336,];[6081.99791666667,];[6081.99791666667,];[6081.99791666667,];[6079.285833333337,];[6077.506500000004,];[6077.506500000004,];[6069.44141666667,];[6066.28791666667,];[6061.274000000003,];[6061.113333333336,];[6057.86241666667,];[6057.86241666667,];[6056.2104166666695,];[6048.756833333336,];[6048.756833333336,];[6046.916333333336,];[6046.916333333336,];[6046.916333333336,];[6045.689833333336,];[6042.468000000003,];[6042.468000000003,];[6042.468000000003,];[6039.7535000000025,];[6037.056500000002,];[6034.845750000002,];[6032.093750000002,];[6030.1935833333355,];[6030.1935833333355,];[6030.1935833333355,];[6030.1935833333355,];[6028.524916666668,];[6028.524916666668,];[6028.524916666668,];[6028.524916666668,];[6028.524916666668,];[6026.852833333336,];[6026.852833333336,];[6025.047500000002,];[6025.047500000002,];[6025.047500000002,];[6025.047500000002,];[6025.047500000002,];[6025.047500000002,];[6025.047500000002,];[6025.047500000002,];[6025.047500000002,];[6025.047500000002,];[6024.288000000002,];[6021.517666666668,];[6021.517666666668,];[6020.837916666669,];[6020.837916666669,];[6020.837916666669,];[6020.837916666669,];[6020.837916666669,];[6020.837916666669,];[6020.837916666669,];[6020.837916666669,];[6017.660000000003,];[6017.660000000003,];[6014.931083333336,];[6014.931083333336,];[6014.387583333336,];[6014.387583333336,];[6014.387583333336,];[6014.387583333336,];[6014.387583333336,];];
lya_avg_qlen=[[0.19833333333333333,0.0,];;[0.19916666666666666,0.0,];;[0.21483333333333332,0.0,];;[0.24316666666666667,0.0,];;[0.2805,0.0,];;[0.35733333333333334,0.0,];;[0.3898333333333333,0.0,];;[0.4186666666666667,0.0,];;[0.42816666666666664,0.0,];;[0.43216666666666664,0.006333333333333333,];;[0.439,0.006333333333333333,];;[0.4483333333333333,0.014,];;[0.44783333333333336,0.018,];;[0.4593333333333333,0.022,];;[0.464,0.022,];;[0.47683333333333333,0.03383333333333333,];;[0.49033333333333334,0.0405,];;[0.49916666666666665,0.08,];;[0.5365,0.09033333333333333,];;[0.542,0.10733333333333334,];;[0.5563333333333333,0.119,];;[0.5595,0.12233333333333334,];;[0.5796666666666667,0.148,];;[0.5796666666666667,0.148,];;[0.5796666666666667,0.148,];;[0.5796666666666667,0.155,];;[0.6071666666666666,0.18716666666666668,];;[0.6116666666666667,0.19916666666666666,];;[0.6116666666666667,0.19916666666666666,];;[0.6116666666666667,0.20733333333333334,];;[0.6206666666666667,0.2165,];;[0.6265,0.23433333333333334,];;[0.633,0.23633333333333334,];;[0.6411666666666667,0.24083333333333334,];;[0.6411666666666667,0.24083333333333334,];;[0.6411666666666667,0.24083333333333334,];;[0.6485,0.24383333333333335,];;[0.6485,0.252,];;[0.6485,0.252,];;[0.6581666666666667,0.2763333333333333,];;[0.6581666666666667,0.29033333333333333,];;[0.6921666666666667,0.29933333333333334,];;[0.6928333333333333,0.29933333333333334,];;[0.6936666666666667,0.31416666666666665,];;[0.6936666666666667,0.31416666666666665,];;[0.6901666666666667,0.3248333333333333,];;[0.6991666666666667,0.3521666666666667,];;[0.6991666666666667,0.3521666666666667,];;[0.7078333333333333,0.35283333333333333,];;[0.7078333333333333,0.35283333333333333,];;[0.7078333333333333,0.35283333333333333,];;[0.7111666666666666,0.3556666666666667,];;[0.706,0.38016666666666665,];;[0.706,0.38016666666666665,];;[0.706,0.38016666666666665,];;[0.711,0.3928333333333333,];;[0.7123333333333334,0.404,];;[0.7155,0.41133333333333333,];;[0.72,0.421,];;[0.7235,0.42883333333333334,];;[0.7235,0.42883333333333334,];;[0.7235,0.42883333333333334,];;[0.7235,0.42883333333333334,];;[0.7243333333333334,0.438,];;[0.7243333333333334,0.438,];;[0.7243333333333334,0.438,];;[0.7243333333333334,0.438,];;[0.7243333333333334,0.438,];;[0.7203333333333334,0.44633333333333336,];;[0.7203333333333334,0.44633333333333336,];;[0.7396666666666667,0.4488333333333333,];;[0.7396666666666667,0.4488333333333333,];;[0.7396666666666667,0.4488333333333333,];;[0.7396666666666667,0.4488333333333333,];;[0.7396666666666667,0.4488333333333333,];;[0.7396666666666667,0.4488333333333333,];;[0.7396666666666667,0.4488333333333333,];;[0.7396666666666667,0.4488333333333333,];;[0.7396666666666667,0.4488333333333333,];;[0.7396666666666667,0.4488333333333333,];;[0.7396666666666667,0.4548333333333333,];;[0.7396666666666667,0.4746666666666667,];;[0.7396666666666667,0.4746666666666667,];;[0.743,0.4781666666666667,];;[0.743,0.4781666666666667,];;[0.743,0.4781666666666667,];;[0.743,0.4781666666666667,];;[0.743,0.4781666666666667,];;[0.743,0.4781666666666667,];;[0.743,0.4781666666666667,];;[0.743,0.4781666666666667,];;[0.8075,0.49983333333333335,];;[0.8075,0.49983333333333335,];;[0.8488333333333333,0.5105,];;[0.8488333333333333,0.5105,];;[0.8541666666666666,0.5105,];;[0.8541666666666666,0.5105,];;[0.8541666666666666,0.5105,];;[0.8541666666666666,0.5105,];;[0.8541666666666666,0.5105,];;];
