lya_avg_delay=[[0.985153274999998,];[0.989480574999998,];[1.0672796166666652,];[1.2091993249999997,];[1.3944760999999994,];[1.779898308333334,];[1.9406739666666672,];[2.0833900666666674,];[2.1322572916666673,];[2.214008024999999,];[2.2475381,];[2.395010466666667,];[2.423293450000001,];[2.5900495333333344,];[2.6134877166666675,];[2.8526133083333343,];[3.0441864916666677,];[3.301091700000001,];[3.3798038666666677,];[3.626016000000001,];[3.8612025416666667,];[3.8985334333333332,];[4.2295133,];[4.2295133,];[4.2295133,];[4.275194308333334,];[4.6641152083333335,];[5.0280956250000015,];[5.156608808333334,];[5.288682591666666,];[5.5385654250000025,];[5.761259825000002,];[5.8181488416666705,];[5.9929524666666705,];[5.9929524666666705,];[5.9929524666666705,];[6.245761050000003,];[6.670973383333343,];[6.670973383333343,];[7.062851591666677,];[7.206318275000012,];[7.6184952416666585,];[7.432926674999992,];[7.412221541666659,];[7.75595312499999,];[7.851800108333323,];[7.855442733333322,];[7.855442733333322,];[8.001927141666656,];[8.225439449999989,];[8.225439449999989,];[8.256299149999988,];[9.166445608333323,];[9.236477058333321,];[9.236477058333321,];[9.122382691666667,];[9.395459149999988,];[9.626249208333324,];[10.153248283333332,];[10.632797099999998,];[10.632797099999998,];[10.632797099999998,];[10.778965483333328,];[10.321951374999992,];[10.462317891666657,];[10.462317891666657,];[10.462317891666657,];[10.689836991666656,];[11.195289016666653,];[11.195289016666653,];[11.246815899999985,];[11.246815899999985,];[11.246815899999985,];[11.356577924999987,];[11.58506494166666,];[11.58506494166666,];[11.670881841666661,];[11.670881841666661,];[11.670881841666661,];[11.670881841666661,];[11.773329133333327,];[11.773329133333327,];[11.773329133333327,];[12.387627924999977,];[12.387627924999977,];[12.387627924999977,];[12.387627924999977,];[13.456903399999984,];[13.456903399999984,];[13.456903399999984,];[13.756833916666645,];[13.756833916666645,];[13.873614958333315,];[13.873614958333315,];[14.061165499999975,];[14.124105633333306,];[14.124105633333306,];[14.124105633333306,];[14.124105633333306,];[14.124105633333306,];];
lya_avg_quality=[[10374.21991666667,];[10343.442083333335,];[10005.048083333333,];[9467.582750000003,];[8781.584166666666,];[7313.796166666667,];[6772.193416666667,];[6442.776166666667,];[6327.074083333336,];[6316.511333333337,];[6277.660916666669,];[6238.6074166666685,];[6237.6595000000025,];[6231.488583333336,];[6229.506250000002,];[6241.151833333336,];[6204.156250000002,];[6199.265333333336,];[6193.767500000003,];[6183.437583333336,];[6174.347916666669,];[6171.895250000002,];[6158.477416666669,];[6158.477416666669,];[6158.477416666669,];[6159.8306666666695,];[6149.425666666669,];[6143.040750000001,];[6142.8943333333345,];[6140.673083333334,];[6135.212333333335,];[6129.700750000002,];[6127.051666666668,];[6124.216333333334,];[6124.216333333334,];[6124.216333333334,];[6121.451166666668,];[6116.674750000003,];[6116.674750000003,];[6108.788750000003,];[6105.635250000003,];[6103.8957500000015,];[6107.202416666668,];[6108.026333333334,];[6105.3848333333335,];[6103.7328333333335,];[6103.613833333334,];[6103.613833333334,];[6101.7733333333335,];[6099.552083333334,];[6099.552083333334,];[6098.325583333334,];[6103.105166666667,];[6102.104000000001,];[6102.104000000001,];[6109.080500000001,];[6107.752416666668,];[6098.38775,];[6095.040750000001,];[6090.255916666666,];[6090.255916666666,];[6090.255916666666,];[6089.9868333333325,];[6093.4541666666655,];[6092.070916666666,];[6092.070916666666,];[6092.070916666666,];[6092.5439166666665,];[6087.083166666667,];[6087.083166666667,];[6086.2645833333345,];[6086.2645833333345,];[6086.2645833333345,];[6085.9435,];[6085.765666666667,];[6085.765666666667,];[6084.633166666667,];[6084.633166666667,];[6084.633166666667,];[6084.633166666667,];[6083.622666666667,];[6083.622666666667,];[6083.622666666667,];[6081.863916666668,];[6081.863916666668,];[6081.863916666668,];[6081.863916666668,];[6084.991083333335,];[6084.991083333335,];[6084.991083333335,];[6083.909500000001,];[6083.909500000001,];[6084.464333333334,];[6084.464333333334,];[6084.2865,];[6083.743,];[6083.743,];[6083.743,];[6083.743,];[6083.743,];];
lya_avg_qlen=[[0.19833333333333333,];;[0.19916666666666666,];;[0.21483333333333332,];;[0.24316666666666667,];;[0.2805,];;[0.35733333333333334,];;[0.3898333333333333,];;[0.4186666666666667,];;[0.42816666666666664,];;[0.44433333333333336,];;[0.45116666666666666,];;[0.4806666666666667,];;[0.48633333333333334,];;[0.5198333333333334,];;[0.5245,];;[0.5725,];;[0.611,];;[0.6621666666666667,];;[0.6778333333333333,];;[0.7271666666666666,];;[0.774,];;[0.7815,];;[0.848,];;[0.848,];;[0.848,];;[0.8571666666666666,];;[0.935,];;[1.008,];;[1.0335,];;[1.0598333333333334,];;[1.1096666666666666,];;[1.1543333333333334,];;[1.1656666666666666,];;[1.2005,];;[1.2005,];;[1.2005,];;[1.2511666666666668,];;[1.3361666666666667,];;[1.3361666666666667,];;[1.4146666666666667,];;[1.4433333333333334,];;[1.5255,];;[1.489,];;[1.485,];;[1.5541666666666667,];;[1.5733333333333333,];;[1.574,];;[1.574,];;[1.6033333333333333,];;[1.6478333333333333,];;[1.6478333333333333,];;[1.654,];;[1.836,];;[1.85,];;[1.85,];;[1.8268333333333333,];;[1.8818333333333332,];;[1.928,];;[2.0328333333333335,];;[2.129166666666667,];;[2.129166666666667,];;[2.129166666666667,];;[2.158,];;[2.0661666666666667,];;[2.094333333333333,];;[2.094333333333333,];;[2.094333333333333,];;[2.14,];;[2.241,];;[2.241,];;[2.2511666666666668,];;[2.2511666666666668,];;[2.2511666666666668,];;[2.2731666666666666,];;[2.319166666666667,];;[2.319166666666667,];;[2.336333333333333,];;[2.336333333333333,];;[2.336333333333333,];;[2.336333333333333,];;[2.3568333333333333,];;[2.3568333333333333,];;[2.3568333333333333,];;[2.48,];;[2.48,];;[2.48,];;[2.48,];;[2.6938333333333335,];;[2.6938333333333335,];;[2.6938333333333335,];;[2.753833333333333,];;[2.753833333333333,];;[2.7771666666666666,];;[2.7771666666666666,];;[2.8145,];;[2.8268333333333335,];;[2.8268333333333335,];;[2.8268333333333335,];;[2.8268333333333335,];;[2.8268333333333335,];;];
