sta_avg_delay=[[2.0012158559322035,0.985153274999998,];[1.8875461949152519,2.1163728000000006,];[5.121889338983053,6.404246566666669,];[10.726706728813562,12.406809441666667,];];
sta_avg_quality=[[8556.943220338984,10374.21991666667,];[5363.332966101694,6276.573583333336,];[5131.715084745762,6238.183250000001,];[4985.707966101697,6088.555583333334,];];
sta_avg_qlen=[[0.2981666666666667,0.2956666666666667,0.0,0.0,];;[0.401,0.3975,0.0,0.0,];;[0.7786666666666666,0.701,0.5396666666666666,0.27316666666666667,];;[1.5128333333333333,1.2096666666666667,1.0416666666666667,0.8291666666666667,];;];
sta_avg_qbacklog=[[0.27772658966190644,0.27147618349541475,0.0,0.0,];;[0.42971401982702334,0.42426660632729113,0.0,0.0,];;[2.771742222655188,1.9849816278238004,1.9033399009912666,0.9149520781610271,];;[10.500199156985628,7.221832751652489,5.465247677486226,4.810390814653937,];;];
