lya_avg_delay=[[1.5969306610169458,0.985153274999998,];[1.628124415254234,0.989480574999998,];[1.6531240932203355,1.0672796166666652,];[1.70627628813559,1.2091993249999997,];[1.757185483050844,1.3944760999999994,];[1.7880338813559293,1.779898308333334,];[1.8866332796610148,1.9406739666666672,];[1.905981008474574,2.0833900666666674,];[1.952473110169489,2.1450509416666677,];[2.1052777288135576,2.2475467583333333,];[2.1805492711864396,2.287267458333333,];[2.213152957627117,2.404290683333334,];[2.300653694915253,2.440545108333334,];[2.31539024576271,2.592947450000001,];[2.491762466101693,2.6848748500000013,];[2.646318644067794,2.853520925000002,];[2.7387802711864384,2.997174341666667,];[3.1828334830508465,3.3074907750000007,];[3.4178809576271187,3.6277416250000005,];[3.64975936440678,3.8480991999999996,];[3.7039090338983054,4.033941666666666,];[4.117797686440678,4.3184462749999994,];[4.552453855932205,4.620347716666667,];[4.886317737288134,4.836484116666666,];[4.960238872881356,4.835724841666666,];[5.2580845508474585,5.019788083333335,];[5.796061762711864,5.613889891666668,];[6.292059118644067,5.783109933333333,];[6.542318864406776,6.010598358333332,];[7.1057723559321975,6.231117149999998,];[7.224212864406771,6.613543391666664,];[7.27912986440677,6.951042558333331,];[7.457372720338973,7.037160516666661,];[7.4617506355932095,7.09496164166666,];[7.685939525423726,6.719171158333331,];[8.012152254237288,7.334872083333332,];[8.531187093220352,7.298079500000016,];[8.796164016949167,7.674548883333349,];[8.762355686440692,7.717205475000013,];[9.084164305084753,7.9638930916666775,];[9.336398813559336,8.209772600000015,];[9.104045855932185,8.314676516666657,];[9.139672779661,8.340629758333323,];[9.334777610169471,8.363384224999988,];[9.341937788135564,8.176480699999983,];[9.443859059322007,8.272150966666647,];[10.226152847457596,9.426546108333318,];[10.360705677966076,9.619149083333314,];[10.270376127118613,9.575335708333311,];[10.02122150847454,9.055762449999978,];[10.24443383898304,9.971115316666658,];[10.543935711864403,10.153493141666665,];[10.872968601694911,10.375304725000001,];[11.132976042372862,10.265396758333322,];[11.040245194915249,10.555364974999998,];[11.603250050847452,10.95735029999998,];[11.643451432203388,10.720578233333326,];[11.219765110169492,10.210886774999986,];[11.304764872881355,10.314732066666656,];[11.304764872881355,10.314732066666656,];[11.528413677966105,10.470543366666655,];[11.545815288135596,10.538989699999991,];[11.501742305084745,10.816631216666659,];[12.310159127118624,11.652970283333312,];[12.310159127118624,11.652970283333312,];[12.082339932203382,11.719524174999988,];[12.082339932203382,11.719524174999988,];[12.594502025423724,12.181876974999977,];[12.475264161016925,11.716953949999967,];[12.991077110169483,12.55267835833332,];[12.991077110169483,12.55267835833332,];[12.972188135593223,12.619516741666674,];[12.972188135593223,12.619516741666674,];[13.169856796610159,13.134545233333329,];[13.616575576271165,12.868215874999986,];[13.616575576271165,12.868215874999986,];[13.616575576271165,12.868215874999986,];[13.775311644067777,13.37642953333332,];[13.572744627118633,12.884643616666654,];[13.518009067796577,13.780884174999967,];[14.075410872881314,13.576929808333286,];[14.259979152542336,14.121629874999973,];[14.146888406779627,13.94333464999997,];[14.305624474576238,14.206961466666646,];[14.953761262711804,14.669022391666594,];[15.07389246610166,14.162536366666643,];[15.07389246610166,14.162536366666643,];[15.150008949152534,15.260347508333336,];[15.416707949152508,15.39887774166664,];[15.416707949152508,15.39887774166664,];[15.43918144915256,15.417044025000012,];[15.706713220338944,15.60596979166662,];[16.14807205932198,15.381768091666626,];[16.14807205932198,15.381768091666626,];[15.863073254237255,15.839928741666634,];[15.863073254237255,15.839928741666634,];[15.863073254237255,15.839928741666634,];[16.092980762711846,16.20793069999997,];[16.60241284745756,16.48359274999994,];[16.60241284745756,16.48359274999994,];];
lya_avg_quality=[[6400.66372881356,10374.21991666667,];[6204.233305084746,10343.442083333335,];[6074.599915254237,10005.048083333333,];[5867.46466101695,9467.582750000003,];[5694.430762711865,8781.584166666666,];[5605.022372881356,7313.796166666667,];[5449.918389830507,6772.193416666667,];[5396.61381355932,6442.776166666667,];[5364.89601694915,6327.074083333336,];[5313.887372881355,6316.511333333337,];[5298.149322033898,6277.660916666669,];[5296.099491525423,6238.6074166666685,];[5294.383728813559,6237.6595000000025,];[5287.775677966102,6231.488583333336,];[5273.72313559322,6229.506250000002,];[5261.509491525424,6216.1561666666685,];[5257.532288135592,6204.156250000002,];[5241.116610169492,6191.774916666671,];[5231.146779661018,6176.092000000004,];[5221.409745762713,6165.762083333338,];[5215.553135593222,6156.202750000005,];[5190.918305084748,6153.750083333337,];[5173.087881355934,6138.934833333337,];[5153.86805084746,6138.934833333337,];[5148.886186440681,6138.934833333337,];[5140.13805084746,6136.264083333338,];[5127.545169491528,6124.173250000004,];[5111.387881355935,6129.141666666672,];[5113.323050847461,6126.50016666667,];[5098.604406779664,6117.50816666667,];[5104.447627118647,6107.535750000004,];[5105.752711864409,6101.653750000003,];[5103.872033898308,6099.375083333336,];[5102.93084745763,6100.057833333336,];[5097.348813559324,6106.01966666667,];[5094.284745762714,6103.536083333336,];[5076.596186440681,6108.093833333335,];[5074.940084745766,6106.21191666667,];[5075.599661016952,6103.189083333336,];[5078.073050847461,6099.532500000004,];[5077.167457627122,6096.3790000000035,];[5079.08584745763,6096.763166666669,];[5078.282881355935,6096.602500000003,];[5071.010762711868,6097.647083333335,];[5076.1814406779695,6099.029666666669,];[5074.529745762715,6099.029666666669,];[5058.609491525427,6099.3306666666695,];[5066.114830508478,6092.237333333335,];[5068.53771186441,6090.396833333335,];[5066.306525423732,6096.559750000002,];[5074.109406779664,6082.700583333337,];[5078.452203389832,6073.689916666669,];[5067.788728813563,6084.972500000001,];[5079.841271186443,6074.420750000003,];[5065.031016949156,6088.413916666668,];[5078.8563559322065,6072.711750000003,];[5056.863305084749,6089.943083333336,];[5073.4970338983085,6078.178750000002,];[5073.4970338983085,6076.683583333335,];[5073.4970338983085,6076.683583333335,];[5068.682542372884,6079.435583333336,];[5068.682542372884,6078.709250000002,];[5081.805084745764,6071.641333333335,];[5075.2272033898325,6070.057083333337,];[5075.2272033898325,6070.057083333337,];[5077.6736440678,6071.178000000003,];[5077.6736440678,6071.178000000003,];[5071.635338983053,6078.618583333335,];[5077.010847457629,6073.038583333336,];[5081.086610169493,6062.940500000002,];[5081.086610169493,6062.940500000002,];[5074.113389830511,6073.341000000003,];[5074.113389830511,6073.341000000003,];[5074.96838983051,6071.285333333336,];[5072.794915254239,6074.012083333337,];[5072.794915254239,6074.012083333337,];[5072.794915254239,6074.012083333337,];[5068.190169491526,6074.012083333337,];[5055.486101694917,6086.957833333336,];[5066.854491525425,6071.737250000003,];[5055.762033898306,6077.763000000003,];[5073.339237288137,6064.6305833333345,];[5066.3027118644095,6069.553250000003,];[5061.697966101697,6069.553250000003,];[5062.625593220341,6070.677666666668,];[5053.108898305088,6075.86266666667,];[5053.108898305088,6075.86266666667,];[5064.4536440677975,6067.5724166666705,];[5059.066694915256,6071.288500000003,];[5059.066694915256,6071.288500000003,];[5051.223220338986,6075.341166666669,];[5059.295508474577,6070.474333333337,];[5045.09898305085,6079.1597500000025,];[5045.09898305085,6079.1597500000025,];[5068.643135593223,6067.5868333333365,];[5068.643135593223,6067.5868333333365,];[5068.643135593223,6067.5868333333365,];[5074.943305084748,6058.625833333337,];[5060.585338983053,6067.929250000003,];[5060.585338983053,6067.929250000003,];];
