lya_avg_delay=[[0.985153274999998,];[0.989480574999998,];[1.0672796166666652,];[1.2091993249999997,];[1.3944760999999994,];[1.779898308333334,];[1.9406739666666672,];[2.0833900666666674,];[2.1322572916666673,];[2.18397095,];[2.2175010250000002,];[2.3017523416666674,];[2.3191046500000008,];[2.396450708333334,];[2.419888891666667,];[2.543766633333334,];[2.645081966666666,];[2.8821671166666665,];[3.0568004833333333,];[3.1699414333333333,];[3.2998652999999996,];[3.3321551999999994,];[3.5598103749999996,];[3.5598103749999996,];[3.5598103749999996,];[3.595018283333333,];[3.8457424916666656,];[3.928826966666666,];[3.928826966666666,];[3.9696360083333326,];[4.060283816666666,];[4.1778778,];[4.220154358333333,];[4.2836891249999995,];[4.2836891249999995,];[4.2836891249999995,];[4.3349489583333325,];[4.376190475,];[4.376190475,];[4.542135174999999,];[4.612998808333333,];[4.735150158333332,];[4.738246108333332,];[4.816048824999999,];[4.816048824999999,];[4.851993974999999,];[5.0043994,];[5.0043994,];[5.050848224999998,];[5.050848224999998,];[5.050848224999998,];[5.081375258333333,];[5.1714055,];[5.1714055,];[5.1714055,];[5.246933874999998,];[5.3093198333333325,];[5.370474683333332,];[5.441684499999999,];[5.498491349999999,];[5.498491349999999,];[5.498491349999999,];[5.498491349999999,];[5.548443066666665,];[5.548443066666665,];[5.548443066666665,];[5.548443066666665,];[5.548443066666665,];[5.601009191666665,];[5.601009191666665,];[5.684136541666666,];[5.684136541666666,];[5.684136541666666,];[5.684136541666666,];[5.684136541666666,];[5.684136541666666,];[5.684136541666666,];[5.684136541666666,];[5.684136541666666,];[5.684136541666666,];[5.714535474999997,];[5.813557116666664,];[5.813557116666664,];[5.847543999999998,];[5.847543999999998,];[5.847543999999998,];[5.847543999999998,];[5.847543999999998,];[5.847543999999998,];[5.847543999999998,];[5.847543999999998,];[5.9591815583333325,];[5.9591815583333325,];[6.065668624999998,];[6.065668624999998,];[6.092914875,];[6.092914875,];[6.092914875,];[6.092914875,];[6.092914875,];];
lya_avg_quality=[[10374.21991666667,];[10343.442083333335,];[10005.048083333333,];[9467.582750000003,];[8781.584166666666,];[7313.796166666667,];[6772.193416666667,];[6442.776166666667,];[6327.074083333336,];[6316.511333333337,];[6277.660916666669,];[6238.6074166666685,];[6237.6595000000025,];[6231.488583333336,];[6229.506250000002,];[6216.1561666666685,];[6204.156250000002,];[6184.247083333336,];[6168.56416666667,];[6158.234250000004,];[6148.6749166666705,];[6146.222250000003,];[6128.680250000003,];[6128.680250000003,];[6128.680250000003,];[6126.009500000003,];[6108.718833333336,];[6103.503250000003,];[6103.503250000003,];[6101.282000000003,];[6095.821250000004,];[6088.088416666669,];[6085.439333333336,];[6081.99791666667,];[6081.99791666667,];[6081.99791666667,];[6079.285833333337,];[6077.506500000004,];[6077.506500000004,];[6069.44141666667,];[6066.28791666667,];[6061.274000000003,];[6061.113333333336,];[6057.86241666667,];[6057.86241666667,];[6056.2104166666695,];[6048.756833333336,];[6048.756833333336,];[6046.916333333336,];[6046.916333333336,];[6046.916333333336,];[6045.689833333336,];[6042.468000000003,];[6042.468000000003,];[6042.468000000003,];[6039.7535000000025,];[6037.056500000002,];[6034.845750000002,];[6032.093750000002,];[6030.1935833333355,];[6030.1935833333355,];[6030.1935833333355,];[6030.1935833333355,];[6028.524916666668,];[6028.524916666668,];[6028.524916666668,];[6028.524916666668,];[6028.524916666668,];[6026.852833333336,];[6026.852833333336,];[6025.047500000002,];[6025.047500000002,];[6025.047500000002,];[6025.047500000002,];[6025.047500000002,];[6025.047500000002,];[6025.047500000002,];[6025.047500000002,];[6025.047500000002,];[6025.047500000002,];[6024.288000000002,];[6021.517666666668,];[6021.517666666668,];[6020.837916666669,];[6020.837916666669,];[6020.837916666669,];[6020.837916666669,];[6020.837916666669,];[6020.837916666669,];[6020.837916666669,];[6020.837916666669,];[6017.660000000003,];[6017.660000000003,];[6014.931083333335,];[6014.931083333335,];[6014.387583333335,];[6014.387583333335,];[6014.387583333335,];[6014.387583333335,];[6014.387583333335,];];
