sta_avg_delay=[[2.4970637711864403,1.9729505166666663,];[3.0054318644067783,3.088440625,];[360.80595405084733,367.93296383333325,];[693.1003238389827,706.3992107583331,];];
sta_avg_quality=[[8556.943220338984,10374.21991666667,];[5363.332966101694,6276.573583333336,];[5131.715084745762,6238.183250000001,];[4985.707966101697,6088.555583333334,];];
sta_avg_qlen=[[0.8885,];;[1.2126666666666666,];;[65.60566666666666,];;[85.16683333333333,];;];
sta_avg_qbacklog=[[0.9459095173241393,];;[1.6997742013211157,];;[367.9141424773195,];;[707.5423897286519,];;];
