lya_avg_delay=[[1.5969306610169458,];[1.628124415254234,];[1.6531240932203355,];[1.70627628813559,];[1.757185483050844,];[1.7880338813559293,];[1.8850286779660994,];[1.9043764067796587,];[1.9508685084745736,];[2.0658424322033877,];[2.1245479661016935,];[2.136218169491524,];[2.170230084745761,];[2.2172136779661,];[2.337383271186439,];[2.4516494237288122,];[2.495182415254236,];[2.630494440677966,];[2.7439550338983043,];[2.8489686779661008,];[2.9067364745762703,];[3.169633610169491,];[3.3899986186440674,];[3.621570186440677,];[3.6926439322033895,];[3.831106601694914,];[3.998209135593219,];[4.312939720338981,];[4.392762983050845,];[4.716108457627116,];[4.782454779661015,];[4.916686593220336,];[4.983052305084744,];[5.1669760169491505,];[5.329301076271186,];[5.615066449152541,];[5.7739703983050825,];[5.8792033305084725,];[5.8792033305084725,];[5.951317711864405,];[6.1006744067796586,];[6.161444440677964,];[6.184689144067794,];[6.2748265338983025,];[6.358366347457625,];[6.40410012711864,];[6.462489152542369,];[6.462489152542369,];[6.500577720338979,];[6.500577720338979,];[6.5824730254237265,];[6.622350254237285,];[6.622350254237285,];[6.622350254237285,];[6.662078203389827,];[6.686160152542369,];[6.686160152542369,];[6.686160152542369,];[6.686160152542369,];[6.686160152542369,];[6.686160152542369,];[6.686160152542369,];[6.686160152542369,];[6.686160152542369,];[6.763500576271182,];[6.858422737288133,];[6.858422737288133,];[6.858422737288133,];[6.858422737288133,];[6.858422737288133,];[6.858422737288133,];[6.858422737288133,];[6.858422737288133,];[6.923870254237286,];[6.923870254237286,];[6.923870254237286,];[6.923870254237286,];[6.923870254237286,];[6.923870254237286,];[6.923870254237286,];[6.923870254237286,];[6.923870254237286,];[6.923870254237286,];[6.923870254237286,];[6.923870254237286,];[6.923870254237286,];[6.961370923728813,];[6.961370923728813,];[6.961370923728813,];[6.961370923728813,];[6.980068940677965,];[6.980068940677965,];[6.980068940677965,];[7.040675644067797,];[7.040675644067797,];[7.040675644067797,];[7.040675644067797,];[7.040675644067797,];[7.040675644067797,];[7.040675644067797,];];
lya_avg_quality=[[6400.66372881356,];[6204.233305084746,];[6074.599915254237,];[5867.46466101695,];[5694.430762711865,];[5605.022372881356,];[5449.918389830507,];[5396.61381355932,];[5364.89601694915,];[5313.887372881355,];[5298.149322033898,];[5296.099491525423,];[5294.383728813559,];[5287.775677966102,];[5273.72313559322,];[5261.509491525424,];[5257.532288135592,];[5241.116610169492,];[5231.146779661018,];[5221.409745762714,];[5215.553135593223,];[5190.918305084748,];[5173.087881355934,];[5153.86805084746,];[5148.886186440681,];[5138.675508474579,];[5127.545169491528,];[5106.496440677969,];[5102.575593220342,];[5082.54830508475,];[5078.2932203389855,];[5070.568050847461,];[5066.8448305084785,];[5056.537542372885,];[5047.505508474579,];[5031.895423728817,];[5023.810254237291,];[5018.220338983054,];[5018.220338983054,];[5014.947966101698,];[5007.606610169494,];[5005.048389830511,];[5004.245423728817,];[4999.854745762714,];[4996.127966101698,];[4994.476271186443,];[4991.8022881355955,];[4991.8022881355955,];[4990.160508474579,];[4990.160508474579,];[4987.116271186444,];[4985.424237288138,];[4985.424237288138,];[4985.424237288138,];[4984.230000000002,];[4983.474322033901,];[4983.474322033901,];[4983.474322033901,];[4983.474322033901,];[4983.474322033901,];[4983.474322033901,];[4983.474322033901,];[4983.474322033901,];[4983.474322033901,];[4981.157711864409,];[4978.119152542375,];[4978.119152542375,];[4978.119152542375,];[4978.119152542375,];[4978.119152542375,];[4978.119152542375,];[4978.119152542375,];[4978.119152542375,];[4976.081610169494,];[4976.081610169494,];[4976.081610169494,];[4976.081610169494,];[4976.081610169494,];[4976.081610169494,];[4976.081610169494,];[4976.081610169494,];[4976.081610169494,];[4976.081610169494,];[4976.081610169494,];[4976.081610169494,];[4976.081610169494,];[4975.370847457629,];[4975.370847457629,];[4975.370847457629,];[4975.370847457629,];[4975.226694915256,];[4975.226694915256,];[4975.226694915256,];[4973.95652542373,];[4973.95652542373,];[4973.95652542373,];[4973.95652542373,];[4973.95652542373,];[4973.95652542373,];[4973.95652542373,];];
