lya_avg_delay=[[1.3795343895000154,1.4056278895000067,];[1.4835046255000042,1.5008452055000008,];[2.3981986205000383,2.53881015150001,];[2.9396078110000303,3.0960907830000153,];[3.1792147090000347,3.30977757800001,];[3.484130344499986,3.591391057499967,];[3.85812199050001,4.0232799574999785,];[4.3039126310000135,4.470575907999983,];[4.766995729500156,4.975525204500111,];[5.166172232000101,5.343456156000048,];[5.6708472195001605,5.848178055000109,];[5.992153279000161,6.1561190245001,];[6.323942019000134,6.469858805000098,];[6.608899696500029,6.76594243649998,];[6.9216236585001445,7.077103146000109,];[7.325936223000155,7.494379565500109,];[7.662516071000292,7.849361655500245,];[8.05355012300052,8.197651464500504,];[8.312205972000525,8.475944821000489,];[8.721529248000436,8.900972058000407,];[9.057121821000525,9.239404540000494,];[9.479374181500523,9.657242336000513,];[9.806472477000604,9.992861508500544,];[10.163140383000624,10.35492145500061,];[10.577282096000687,10.763771467500643,];[10.912205738500667,11.098637160000614,];[11.335977057000724,11.492550812000687,];[11.611918359000903,11.773410463500914,];[12.00734667000111,12.162364701001042,];[12.364231560501043,12.528141067501009,];[12.682213643001004,12.854486015500958,];[12.98862255450103,13.16902668750098,];[13.24225644900112,13.411069248001066,];[13.566752140501281,13.732813090001292,];[14.01974720650103,14.19816305950105,];[14.314202542000977,14.497778812000943,];[14.59307087200103,14.769742490501013,];[15.053369900001016,15.228602308501,];[15.348432443001057,15.534812689501027,];[15.552001536501239,15.743772387001187,];[15.971026120001074,16.174315090501043,];[16.24363338800101,16.44761212600102,];[16.535924885001226,16.741656044001218,];[16.88167370700152,17.083082085001543,];[17.217235696001737,17.410942584501754,];[17.51368012050169,17.708693475001734,];[17.82081107950214,18.00975738050216,];[18.28356303250229,18.472622190002294,];[18.69199991600167,18.890197705001622,];[18.944367076502424,19.141743045502363,];[19.299069435002565,19.500361096502516,];[19.66679417100246,19.86983404900243,];[19.879028956502385,20.107247648002332,];[20.214252262002113,20.444428177502022,];[20.399891633502012,20.61672893750189,];[20.843559205002016,21.05080738100201,];[21.241247839502964,21.433576075503005,];[21.560176984504274,21.778603993004214,];[21.823858649503656,22.046904250503626,];[22.144824223004136,22.36628550950416,];[22.594035435503283,22.81468177700326,];[22.894650798503086,23.115501645503063,];[23.109901684504983,23.33181015000496,];[23.41471458400478,23.6171911485047,];[24.06567288900289,24.285190612502888,];[24.31895667700281,24.537429292002823,];[24.58848785000409,24.811418100004083,];[24.912743177003605,25.122872297503637,];[25.201690161005395,25.41705326850535,];[25.538780898503486,25.742061178503555,];[25.68010982000605,25.897804157505885,];[26.006904828007194,26.222745308007134,];[26.387603573506812,26.59075152450678,];[26.821726308506136,27.052556515506044,];[27.015857943506408,27.240776112506406,];[27.36807229101096,27.612557239010982,];[27.964263309008608,28.2042702645085,];[28.19319009350815,28.4322274980082,];[28.611419866507436,28.844432723507406,];[28.773019598510224,28.997245807010156,];[29.481135693509874,29.71441837750986,];[29.81835455400869,30.067070917008603,];[30.186858734009284,30.434044705509255,];[30.516818602509012,30.770138225009056,];[30.923444456507728,31.16565725050775,];[30.981499196510423,31.22825895051034,];[31.424768034509274,31.66664647550921,];[31.84297203550857,32.08657573750845,];[32.330648794509216,32.567864163009155,];[32.582572324008915,32.822570033508846,];[32.8018609025097,33.03031936700968,];[33.094606375509954,33.326964547009894,];[33.649180006508644,33.89568070950864,];[33.914761662007756,34.15853103700768,];[33.92183631950928,34.16685034200928,];[34.43701732650901,34.670220666508946,];[34.793434766509094,35.044184326008995,];[34.955059557508854,35.2026002080088,];[35.56594141600861,35.85318461050862,];[36.038687501508655,36.31397033550876,];[36.33406955950934,36.60461656100939,];];
lya_avg_quality=[[8559.115344999982,9922.816504999972,];[8140.799149999968,9633.419479999979,];[6333.586439999979,6681.767660000013,];[5866.457574999973,6023.208260000013,];[5618.352974999969,5940.76334000001,];[5570.093679999977,5883.432665000006,];[5515.685404999976,5814.2890350000125,];[5460.562404999986,5788.036210000009,];[5441.120489999984,5786.271615000006,];[5399.392204999988,5768.6573649999955,];[5378.461684999987,5753.209919999997,];[5354.584134999981,5746.053619999996,];[5328.813554999981,5744.782314999997,];[5332.422359999984,5728.995904999997,];[5319.814109999983,5726.852455000001,];[5313.923629999985,5720.712305000002,];[5309.637134999984,5711.010614999997,];[5289.180634999986,5716.106234999995,];[5278.765644999986,5713.849629999998,];[5276.689414999986,5712.072474999997,];[5278.196359999986,5712.835865,];[5278.030029999986,5705.794234999999,];[5269.121494999987,5704.015449999999,];[5271.885049999984,5701.91015,];[5273.107604999985,5699.430429999998,];[5265.017619999982,5699.293249999999,];[5261.728764999985,5698.796914999998,];[5257.6494149999835,5699.485949999998,];[5257.772929999985,5695.9905549999985,];[5254.222764999986,5695.869850000002,];[5254.631734999985,5695.403365000001,];[5251.3870899999865,5693.4735900000005,];[5250.113879999986,5693.919124999997,];[5248.733429999984,5693.269009999997,];[5249.7479849999845,5691.158709999998,];[5247.208854999986,5690.8457999999955,];[5246.924014999988,5689.5869099999945,];[5244.368174999988,5689.162204999996,];[5245.297954999986,5688.249199999997,];[5244.1912349999875,5688.7553999999955,];[5244.984974999989,5687.094234999996,];[5245.883619999988,5685.499554999996,];[5242.675194999988,5686.001339999998,];[5242.113619999988,5685.182994999999,];[5242.532579999988,5683.998145,];[5241.412124999989,5684.997955,];[5240.95022499999,5684.055484999997,];[5240.376314999991,5682.816139999998,];[5239.664559999988,5683.34092,];[5238.73997999999,5682.744694999997,];[5238.506809999988,5682.591399999997,];[5239.512779999991,5680.663554999998,];[5240.038029999989,5679.531519999999,];[5239.179844999989,5680.120319999999,];[5240.912124999988,5677.370159999999,];[5239.903304999987,5677.546474999999,];[5238.679649999987,5677.414984999999,];[5238.077579999989,5678.089269999999,];[5236.881604999989,5678.140739999998,];[5236.87647999999,5678.227134999999,];[5235.992084999989,5678.203274999998,];[5236.133944999991,5677.451979999999,];[5234.927404999993,5678.6021299999975,];[5235.491729999993,5677.400674999997,];[5235.034659999993,5677.809914999999,];[5236.248799999991,5676.016345,];[5235.1816499999895,5676.1369749999985,];[5235.167169999991,5675.702499999999,];[5235.753379999991,5674.527479999998,];[5235.247829999991,5675.127174999997,];[5235.429229999989,5674.860890000001,];[5234.344704999989,5674.995799999997,];[5235.178474999991,5674.403980000001,];[5235.102744999988,5674.022140000002,];[5235.007694999991,5673.530020000001,];[5235.018109999989,5672.774535000002,];[5235.100079999991,5672.056130000003,];[5235.562649999991,5672.010250000004,];[5234.301339999993,5672.905880000001,];[5234.901589999991,5672.5369550000005,];[5235.420894999991,5671.621664999999,];[5235.60449999999,5671.010155,];[5234.77970499999,5670.79166,];[5235.200499999991,5670.671530000001,];[5234.598264999991,5670.835325,];[5234.678814999992,5670.797835000002,];[5234.77496999999,5670.368485000002,];[5235.145479999989,5670.130845000003,];[5234.463334999991,5670.6729650000025,];[5234.613279999991,5670.229860000002,];[5234.7634099999905,5670.0488950000035,];[5235.219024999991,5669.636725000002,];[5235.357939999992,5669.432630000003,];[5235.102619999993,5669.366890000001,];[5234.017099999991,5670.105875000001,];[5235.45400999999,5669.200849999998,];[5234.774674999992,5669.56786,];[5234.357149999991,5669.519645,];[5235.042514999991,5668.785210000002,];[5235.34015999999,5668.559965000001,];[5234.88799499999,5668.402980000002,];];
