lya_avg_delay=[[1.3727704280000108,1.4035959696000082,];[1.4761798064000007,1.5012142016000045,];[2.381636252800015,2.538193327200001,];[2.8054405000000187,2.994159002400004,];[2.9875256984000216,3.1426527680000036,];[3.1341801032000136,3.2628477175999984,];[3.304716259200013,3.4815611159999955,];[3.499735155200027,3.674267662400013,];[3.667182459200027,3.8723205024000156,];[3.7932683992000245,3.9930174928000093,];[3.8893188824000173,4.072951555200007,];[3.998055491200022,4.183952373600014,];[4.051481076800014,4.250377707200006,];[4.102551382400029,4.319057064000018,];[4.178747572800026,4.404689669600016,];[4.22835870320002,4.454542476000008,];[4.307716036000029,4.541747544000015,];[4.399250300000034,4.617153807200018,];[4.411368886400029,4.629272393600013,];[4.447313714400032,4.688910112800017,];[4.483879029600032,4.740623664000015,];[4.503564625600029,4.749693343200014,];[4.512070823200028,4.758199540800013,];[4.526198619200027,4.776647744800014,];[4.566977676800028,4.815082607200017,];[4.576118903200029,4.825294145600015,];[4.614135960000022,4.857891611200008,];[4.6338585728000234,4.873374140000008,];[4.639975021600024,4.873374140000008,];[4.640356555200024,4.873755673600009,];[4.642828243200024,4.876227361600009,];[4.643959713600024,4.877358832000009,];[4.660212284000024,4.882163743200011,];[4.680647402400024,4.902598861600011,];[4.708232540800021,4.928706278400008,];[4.712183603200041,4.9304228680000275,];[4.71887021440004,4.941421199200027,];[4.72119850800004,4.943749492800028,];[4.728382768800039,4.950933753600025,];[4.732470622400038,4.955021607200026,];[4.733324117600039,4.955875102400025,];[4.739850917600039,4.9627985200000255,];[4.746251212000037,4.969198814400024,];[4.757923649600039,4.983105724800026,];[4.7651044552000394,4.990286530400026,];[4.772819588000038,5.005698039200026,];[4.7747940776000375,5.007672528800025,];[4.781249934400037,5.016216494400024,];[4.781249934400037,5.016216494400024,];[4.781249934400037,5.016216494400024,];[4.781249934400037,5.016216494400024,];[4.781249934400037,5.016216494400024,];[4.781249934400037,5.016216494400024,];[4.781249934400037,5.016216494400024,];[4.781249934400037,5.016216494400024,];[4.781249934400037,5.016216494400024,];[4.781249934400037,5.016216494400024,];[4.781249934400037,5.016216494400024,];[4.783929847200036,5.019749902400021,];[4.783929847200036,5.019749902400021,];[4.79772306320004,5.021513844000022,];[4.79772306320004,5.021513844000022,];[4.79772306320004,5.021513844000022,];[4.79772306320004,5.021513844000022,];[4.798516298400039,5.021910461600022,];[4.798516298400039,5.021910461600022,];[4.798516298400039,5.021910461600022,];[4.798516298400039,5.021910461600022,];[4.798516298400039,5.021910461600022,];[4.80812422320004,5.032996108000023,];[4.81240357920004,5.037275464000022,];[4.81240357920004,5.037275464000022,];[4.81240357920004,5.037275464000022,];[4.81240357920004,5.037275464000022,];[4.812840314400039,5.037712199200022,];[4.812840314400039,5.037712199200022,];[4.812840314400039,5.037712199200022,];[4.812840314400039,5.037712199200022,];[4.8206939888000395,5.045565873600022,];[4.833636076800041,5.049091955200024,];[4.833636076800041,5.049091955200024,];[4.833636076800041,5.049091955200024,];[4.833636076800041,5.049091955200024,];[4.833636076800041,5.049091955200024,];[4.833636076800041,5.049091955200024,];[4.833636076800041,5.049091955200024,];[4.833636076800041,5.049091955200024,];[4.842931743200042,5.058387621600024,];[4.842931743200042,5.058387621600024,];[4.842931743200042,5.058387621600024,];[4.842931743200042,5.058387621600024,];[4.842931743200042,5.058387621600024,];[4.842931743200042,5.058387621600024,];[4.842931743200042,5.058387621600024,];[4.842931743200042,5.058387621600024,];[4.849198375200041,5.0646542536000245,];[4.849198375200041,5.0646542536000245,];[4.849198375200041,5.0646542536000245,];[4.849198375200041,5.0646542536000245,];[4.849198375200041,5.0646542536000245,];[4.849198375200041,5.0646542536000245,];];
lya_avg_quality=[[8528.617456,9983.685055999982,];[8112.0999039999915,9694.73499999998,];[6248.430264000002,6594.432135999994,];[5601.227191999998,5930.545728000002,];[5370.399535999999,5850.453840000002,];[5310.687199999997,5815.120152000006,];[5260.045047999997,5778.939592000004,];[5229.568384000005,5742.849896,];[5206.252248000009,5714.113584000001,];[5191.185968000008,5693.8727999999965,];[5180.433592000014,5681.315415999994,];[5166.032624000015,5676.320207999996,];[5161.6978080000135,5668.372375999997,];[5158.722568000016,5661.848600000001,];[5154.143520000013,5653.944992000003,];[5151.297976000013,5649.944312000002,];[5148.437736000012,5642.538232000006,];[5141.0883600000125,5639.978704000007,];[5140.048096000013,5639.978704000007,];[5139.394984000013,5635.436128000006,];[5137.34011200001,5633.046216000006,];[5136.540048000009,5632.173488000006,];[5135.8215040000105,5632.173488000006,];[5135.572528000011,5630.984088000004,];[5133.8214720000105,5629.243424000002,];[5133.59783200001,5629.009472000005,];[5133.165792000008,5627.912352000004,];[5132.387944000007,5627.117096000005,];[5132.039728000009,5627.117096000005,];[5131.856256000009,5627.199488000006,];[5131.677224000009,5627.199488000006,];[5131.677224000009,5627.067952000006,];[5130.81992800001,5626.866360000003,];[5130.66108800001,5626.562296000003,];[5130.027704000009,5626.668288000003,];[5129.77512800001,5626.960360000003,];[5129.49887200001,5626.612384000003,];[5129.42607200001,5626.612384000003,];[5129.07985600001,5626.424000000002,];[5128.73501600001,5626.424000000002,];[5128.73501600001,5626.341608000002,];[5128.5887840000105,5626.235616000003,];[5128.37318400001,5626.172024000002,];[5128.37318400001,5625.879952000003,];[5128.092056000011,5625.879952000003,];[5128.092056000011,5625.321304000002,];[5127.996640000011,5625.321304000002,];[5127.872680000011,5625.179536000004,];[5127.872680000011,5625.179536000004,];[5127.872680000011,5625.179536000004,];[5127.872680000011,5625.179536000004,];[5127.872680000011,5625.179536000004,];[5127.872680000011,5625.179536000004,];[5127.872680000011,5625.179536000004,];[5127.872680000011,5625.179536000004,];[5127.872680000011,5625.179536000004,];[5127.872680000011,5625.179536000004,];[5127.872680000011,5625.179536000004,];[5127.872680000011,5625.097144000004,];[5127.872680000011,5625.097144000004,];[5127.540480000011,5625.097144000004,];[5127.540480000011,5625.097144000004,];[5127.540480000011,5625.097144000004,];[5127.540480000011,5625.097144000004,];[5127.505872000011,5625.097144000004,];[5127.505872000011,5625.097144000004,];[5127.505872000011,5625.097144000004,];[5127.505872000011,5625.097144000004,];[5127.505872000011,5625.097144000004,];[5127.505872000011,5624.991152000004,];[5127.433072000011,5624.991152000004,];[5127.433072000011,5624.991152000004,];[5127.433072000011,5624.991152000004,];[5127.433072000011,5624.991152000004,];[5127.409400000011,5624.991152000004,];[5127.409400000011,5624.991152000004,];[5127.409400000011,5624.991152000004,];[5127.409400000011,5624.991152000004,];[5127.259448000011,5624.991152000004,];[5127.051640000011,5624.991152000004,];[5127.051640000011,5624.991152000004,];[5127.051640000011,5624.991152000004,];[5127.051640000011,5624.991152000004,];[5127.051640000011,5624.991152000004,];[5127.051640000011,5624.991152000004,];[5127.051640000011,5624.991152000004,];[5127.051640000011,5624.991152000004,];[5127.051640000011,5624.933720000004,];[5127.051640000011,5624.933720000004,];[5127.051640000011,5624.933720000004,];[5127.051640000011,5624.933720000004,];[5127.051640000011,5624.933720000004,];[5127.051640000011,5624.933720000004,];[5127.051640000011,5624.933720000004,];[5127.051640000011,5624.933720000004,];[5126.942040000012,5624.933720000004,];[5126.942040000012,5624.933720000004,];[5126.942040000012,5624.933720000004,];[5126.942040000012,5624.933720000004,];[5126.942040000012,5624.933720000004,];[5126.942040000012,5624.933720000004,];];
