lya_avg_delay=[[1.372419520683472,1.399039779676272,];[1.4779469820143951,1.4940256906474896,];[2.3741146411870675,2.5310149226618734,];[2.804920883992833,2.9916108732014437,];[2.9878657302158564,3.13931993165468,];[3.129727864208654,3.2582819379496373,];[3.290629693345337,3.470703769784166,];[3.479211899280599,3.6552740863309414,];[3.6502670926259224,3.8567135485611614,];[3.769467597122322,3.9686640710431678,];[3.868693875000016,4.052164883992806,];[3.9696580305755607,4.153832056654686,];[4.009949360611528,4.207316203237417,];[4.053699761690668,4.266736730215835,];[4.1177980665467855,4.338904981115118,];[4.162718956834551,4.385526722122308,];[4.224306185251819,4.455102326438853,];[4.31903010071944,4.534335356115105,];[4.32849657194246,4.543801827338124,];[4.3497586267985735,4.589332208633088,];[4.383796383992817,4.637919972122296,];[4.39967184532375,4.643921507194236,];[4.408303549460441,4.652553211330926,];[4.413925280575549,4.663031516187044,];[4.445620800359722,4.6923097571942405,];[4.448165160071952,4.696057255395677,];[4.4607158489208745,4.70038739928057,];[4.4780196429856245,4.7129491330935185,];[4.484270101618717,4.7129491330935185,];[4.484270101618717,4.7129491330935185,];[4.484270101618717,4.7129491330935185,];[4.484270101618717,4.7129491330935185,];[4.496708126798573,4.713728021582729,];[4.4976702122302274,4.714690107014384,];[4.513965762589936,4.7309856573740925,];[4.513965762589936,4.7309856573740925,];[4.517843208633101,4.738740549460424,];[4.517843208633101,4.738740549460424,];[4.517843208633101,4.738740549460424,];[4.517843208633101,4.738740549460424,];[4.517843208633101,4.738740549460424,];[4.520287041366916,4.741184382194237,];[4.528487053057559,4.749384393884882,];[4.528487053057559,4.749384393884882,];[4.528487053057559,4.749384393884882,];[4.5355573336331,4.76337587589927,];[4.536860899280581,4.764679441546751,];[4.540536424460437,4.770702211330924,];[4.540536424460437,4.770702211330924,];[4.540536424460437,4.770702211330924,];[4.540536424460437,4.770702211330924,];[4.540536424460437,4.770702211330924,];[4.540536424460437,4.770702211330924,];[4.540536424460437,4.770702211330924,];[4.540536424460437,4.770702211330924,];[4.540536424460437,4.770702211330924,];[4.540536424460437,4.770702211330924,];[4.540536424460437,4.770702211330924,];[4.540536424460437,4.770702211330924,];[4.540536424460437,4.770702211330924,];[4.553095246402886,4.770968200539557,];[4.553095246402886,4.770968200539557,];[4.553095246402886,4.770968200539557,];[4.553095246402886,4.770968200539557,];[4.553095246402886,4.770968200539557,];[4.553095246402886,4.770968200539557,];[4.553095246402886,4.770968200539557,];[4.553095246402886,4.770968200539557,];[4.553095246402886,4.770968200539557,];[4.553095246402886,4.770968200539557,];[4.553095246402886,4.770968200539557,];[4.553095246402886,4.770968200539557,];[4.553095246402886,4.770968200539557,];[4.553095246402886,4.770968200539557,];[4.553095246402886,4.770968200539557,];[4.553095246402886,4.770968200539557,];[4.553095246402886,4.770968200539557,];[4.553095246402886,4.770968200539557,];[4.5611209928057646,4.778993946942435,];[4.574158876798572,4.780124223920855,];[4.574158876798572,4.780124223920855,];[4.574158876798572,4.780124223920855,];[4.574158876798572,4.780124223920855,];[4.574158876798572,4.780124223920855,];[4.574158876798572,4.780124223920855,];[4.574158876798572,4.780124223920855,];[4.574158876798572,4.780124223920855,];[4.574158876798572,4.780124223920855,];[4.574158876798572,4.780124223920855,];[4.574158876798572,4.780124223920855,];[4.574158876798572,4.780124223920855,];[4.574158876798572,4.780124223920855,];[4.574158876798572,4.780124223920855,];[4.574158876798572,4.780124223920855,];[4.574158876798572,4.780124223920855,];[4.580498769784184,4.786464116906466,];[4.580498769784184,4.786464116906466,];[4.580498769784184,4.786464116906466,];[4.580498769784184,4.786464116906466,];[4.580498769784184,4.786464116906466,];[4.580498769784184,4.786464116906466,];];
lya_avg_quality=[[8518.133812949645,10001.91194244603,];[8094.1830305755375,9714.906735611496,];[6242.683902877701,6611.445485611504,];[5586.810989208632,5940.891133093526,];[5346.569721223024,5864.786672661872,];[5295.751978417267,5828.248183453242,];[5252.44726618705,5787.411861510794,];[5219.716276978423,5755.746223021581,];[5195.118156474829,5725.118030575538,];[5181.657823741017,5705.25028776978,];[5169.387104316561,5691.8241816546715,];[5155.474424460445,5685.882347122298,];[5152.4203327338255,5679.288696043162,];[5149.700944244619,5672.962850719426,];[5145.170350719436,5665.719055755398,];[5141.943057553967,5661.918462230216,];[5138.976366906485,5654.277410071947,];[5130.252455035981,5651.6141187050425,];[5129.112194244615,5651.6141187050425,];[5129.112194244615,5647.288579136696,];[5127.2685791366985,5644.8429946043225,];[5126.341241007201,5644.234730215833,];[5125.647383093533,5644.234730215833,];[5125.365476618713,5643.633543165471,];[5123.959496402886,5641.676861510794,];[5123.959496402886,5641.309622302163,];[5123.746258992813,5640.8483992805795,];[5122.935368705041,5640.3241816546815,];[5122.579523381302,5640.3241816546815,];[5122.579523381302,5640.3241816546815,];[5122.579523381302,5640.3241816546815,];[5122.579523381302,5640.3241816546815,];[5121.888246402885,5640.30216726619,];[5121.806411870511,5640.30216726619,];[5121.072383093532,5640.30216726619,];[5121.072383093532,5640.30216726619,];[5121.072383093532,5639.954469424463,];[5121.072383093532,5639.954469424463,];[5121.072383093532,5639.954469424463,];[5121.072383093532,5639.954469424463,];[5121.072383093532,5639.954469424463,];[5120.869100719431,5639.954469424463,];[5120.557500000007,5639.954469424463,];[5120.557500000007,5639.954469424463,];[5120.557500000007,5639.954469424463,];[5120.557500000007,5639.437994604319,];[5120.450242805762,5639.437994604319,];[5120.368408273388,5639.296339928062,];[5120.368408273388,5639.296339928062,];[5120.368408273388,5639.296339928062,];[5120.368408273388,5639.296339928062,];[5120.368408273388,5639.296339928062,];[5120.368408273388,5639.296339928062,];[5120.368408273388,5639.296339928062,];[5120.368408273388,5639.296339928062,];[5120.368408273388,5639.296339928062,];[5120.368408273388,5639.296339928062,];[5120.368408273388,5639.296339928062,];[5120.368408273388,5639.296339928062,];[5120.368408273388,5639.296339928062,];[5120.028929856122,5639.296339928062,];[5120.028929856122,5639.296339928062,];[5120.028929856122,5639.296339928062,];[5120.028929856122,5639.296339928062,];[5120.028929856122,5639.296339928062,];[5120.028929856122,5639.296339928062,];[5120.028929856122,5639.296339928062,];[5120.028929856122,5639.296339928062,];[5120.028929856122,5639.296339928062,];[5120.028929856122,5639.296339928062,];[5120.028929856122,5639.296339928062,];[5120.028929856122,5639.296339928062,];[5120.028929856122,5639.296339928062,];[5120.028929856122,5639.296339928062,];[5120.028929856122,5639.296339928062,];[5120.028929856122,5639.296339928062,];[5120.028929856122,5639.296339928062,];[5120.028929856122,5639.296339928062,];[5119.8756924460495,5639.296339928062,];[5119.61289568346,5639.296339928062,];[5119.61289568346,5639.296339928062,];[5119.61289568346,5639.296339928062,];[5119.61289568346,5639.296339928062,];[5119.61289568346,5639.296339928062,];[5119.61289568346,5639.296339928062,];[5119.61289568346,5639.296339928062,];[5119.61289568346,5639.296339928062,];[5119.61289568346,5639.296339928062,];[5119.61289568346,5639.296339928062,];[5119.61289568346,5639.296339928062,];[5119.61289568346,5639.296339928062,];[5119.61289568346,5639.296339928062,];[5119.61289568346,5639.296339928062,];[5119.61289568346,5639.296339928062,];[5119.61289568346,5639.296339928062,];[5119.502014388496,5639.296339928062,];[5119.502014388496,5639.296339928062,];[5119.502014388496,5639.296339928062,];[5119.502014388496,5639.296339928062,];[5119.502014388496,5639.296339928062,];[5119.502014388496,5639.296339928062,];];
