lya_avg_delay=[[1.3751061850000164,1.4056105080000052,];[1.4801319100000034,1.501135487,];[2.3798438360000227,2.5407894270000044,];[2.8157312080000185,2.993883879000011,];[2.997983824000019,3.1511567350000083,];[3.141082287000012,3.2684175780000047,];[3.314189442000015,3.4960144839999914,];[3.4987653280000246,3.677995373000005,];[3.6726139350000255,3.883112281000008,];[3.7926191210000213,3.9978499020000013,];[3.8984095650000135,4.087174421999998,];[3.997256408000018,4.188958138000005,];[4.0408580040000155,4.245559482000001,];[4.086254472000019,4.305663422000001,];[4.144623480000019,4.374124305000001,];[4.183771707000016,4.413514207999999,];[4.234271744000015,4.474560919999996,];[4.327411036000011,4.553806683999987,];[4.335969748000011,4.562365395999986,];[4.35919269800001,4.608337943999986,];[4.39390915500001,4.658202636999986,];[4.4061705480000075,4.660394343999986,];[4.4147025080000075,4.668926303999985,];[4.419022916000009,4.677567119999987,];[4.447330969000009,4.703165815999989,];[4.448401281000008,4.705306439999988,];[4.461768595000008,4.711019689999988,];[4.478425255000009,4.723436265999987,];[4.48468071400001,4.723436265999987,];[4.48468071400001,4.723436265999987,];[4.48468071400001,4.723436265999987,];[4.48468071400001,4.723436265999987,];[4.497167184000009,4.7242061539999884,];[4.497167184000009,4.7242061539999884,];[4.50347214100001,4.7305111109999896,];[4.50347214100001,4.7305111109999896,];[4.5067059310000115,4.73805662099999,];[4.5067059310000115,4.73805662099999,];[4.5067059310000115,4.73805662099999,];[4.5067059310000115,4.73805662099999,];[4.5067059310000115,4.73805662099999,];[4.5067059310000115,4.73805662099999,];[4.515824344000007,4.747175033999987,];[4.515824344000007,4.747175033999987,];[4.515824344000007,4.747175033999987,];[4.521596626000008,4.760643691999987,];[4.521596626000008,4.760643691999987,];[4.524206762000008,4.765211429999987,];[4.524206762000008,4.765211429999987,];[4.524206762000008,4.765211429999987,];[4.524206762000008,4.765211429999987,];[4.524206762000008,4.765211429999987,];[4.524206762000008,4.765211429999987,];[4.524206762000008,4.765211429999987,];[4.524206762000008,4.765211429999987,];[4.524206762000008,4.765211429999987,];[4.524206762000008,4.765211429999987,];[4.524206762000008,4.765211429999987,];[4.524206762000008,4.765211429999987,];[4.524206762000008,4.765211429999987,];[4.536509429000011,4.765211429999987,];[4.536509429000011,4.765211429999987,];[4.536509429000011,4.765211429999987,];[4.536509429000011,4.765211429999987,];[4.536509429000011,4.765211429999987,];[4.536509429000011,4.765211429999987,];[4.536509429000011,4.765211429999987,];[4.536509429000011,4.765211429999987,];[4.536509429000011,4.765211429999987,];[4.536509429000011,4.765211429999987,];[4.536509429000011,4.765211429999987,];[4.536509429000011,4.765211429999987,];[4.536509429000011,4.765211429999987,];[4.536509429000011,4.765211429999987,];[4.536509429000011,4.765211429999987,];[4.536509429000011,4.765211429999987,];[4.536509429000011,4.765211429999987,];[4.536509429000011,4.765211429999987,];[4.544541596000012,4.773243596999987,];[4.556311604000012,4.773243596999987,];[4.556311604000012,4.773243596999987,];[4.556311604000012,4.773243596999987,];[4.556311604000012,4.773243596999987,];[4.556311604000012,4.773243596999987,];[4.556311604000012,4.773243596999987,];[4.556311604000012,4.773243596999987,];[4.556311604000012,4.773243596999987,];[4.556311604000012,4.773243596999987,];[4.556311604000012,4.773243596999987,];[4.556311604000012,4.773243596999987,];[4.556311604000012,4.773243596999987,];[4.556311604000012,4.773243596999987,];[4.556311604000012,4.773243596999987,];[4.556311604000012,4.773243596999987,];[4.556311604000012,4.773243596999987,];[4.562578236000011,4.779510228999987,];[4.562578236000011,4.779510228999987,];[4.562578236000011,4.779510228999987,];[4.562578236000011,4.779510228999987,];[4.562578236000011,4.779510228999987,];[4.562578236000011,4.779510228999987,];];
lya_avg_quality=[[8513.03408000001,9979.777629999988,];[8090.814480000006,9689.540909999985,];[6235.017680000004,6572.834419999996,];[5581.095679999999,5916.444550000004,];[5341.896190000004,5842.238090000004,];[5290.805020000003,5806.261420000006,];[5247.722540000002,5765.010030000005,];[5214.587270000006,5733.877730000001,];[5188.957530000008,5702.676490000001,];[5174.330850000008,5682.611639999999,];[5162.360630000011,5667.793789999998,];[5149.51735000001,5660.38555,];[5146.498550000009,5653.114190000001,];[5143.67687000001,5646.839280000004,];[5139.451680000008,5640.457070000005,];[5136.415170000007,5637.323070000003,];[5133.549750000007,5630.432160000006,];[5124.584630000006,5627.9647800000075,];[5123.856630000006,5627.9647800000075,];[5123.856630000006,5623.580010000006,];[5122.011540000004,5621.011650000007,];[5121.001560000003,5620.879420000007,];[5120.315720000003,5620.879420000007,];[5120.315720000003,5620.285180000004,];[5119.160210000003,5618.365830000003,];[5119.160210000003,5618.233350000006,];[5118.618520000002,5617.784580000006,];[5117.817000000001,5617.266420000006,];[5117.460870000002,5617.266420000006,];[5117.460870000002,5617.266420000006,];[5117.460870000002,5617.266420000006,];[5117.460870000002,5617.266420000006,];[5116.769040000003,5617.244660000005,];[5116.769040000003,5617.244660000005,];[5116.374410000002,5617.244660000005,];[5116.374410000002,5617.244660000005,];[5116.374410000002,5616.906350000004,];[5116.374410000002,5616.906350000004,];[5116.374410000002,5616.906350000004,];[5116.374410000002,5616.906350000004,];[5116.374410000002,5616.906350000004,];[5116.374410000002,5616.906350000004,];[5116.027910000002,5616.906350000004,];[5116.027910000002,5616.906350000004,];[5116.027910000002,5616.906350000004,];[5116.027910000002,5616.403820000004,];[5116.027910000002,5616.403820000004,];[5116.027910000002,5616.265990000005,];[5116.027910000002,5616.265990000005,];[5116.027910000002,5616.265990000005,];[5116.027910000002,5616.265990000005,];[5116.027910000002,5616.265990000005,];[5116.027910000002,5616.265990000005,];[5116.027910000002,5616.265990000005,];[5116.027910000002,5616.265990000005,];[5116.027910000002,5616.265990000005,];[5116.027910000002,5616.265990000005,];[5116.027910000002,5616.265990000005,];[5116.027910000002,5616.265990000005,];[5116.027910000002,5616.265990000005,];[5115.688160000002,5616.265990000005,];[5115.688160000002,5616.265990000005,];[5115.688160000002,5616.265990000005,];[5115.688160000002,5616.265990000005,];[5115.688160000002,5616.265990000005,];[5115.688160000002,5616.265990000005,];[5115.688160000002,5616.265990000005,];[5115.688160000002,5616.265990000005,];[5115.688160000002,5616.265990000005,];[5115.688160000002,5616.265990000005,];[5115.688160000002,5616.265990000005,];[5115.688160000002,5616.265990000005,];[5115.688160000002,5616.265990000005,];[5115.688160000002,5616.265990000005,];[5115.688160000002,5616.265990000005,];[5115.688160000002,5616.265990000005,];[5115.688160000002,5616.265990000005,];[5115.688160000002,5616.265990000005,];[5115.534800000001,5616.265990000005,];[5115.275040000002,5616.265990000005,];[5115.275040000002,5616.265990000005,];[5115.275040000002,5616.265990000005,];[5115.275040000002,5616.265990000005,];[5115.275040000002,5616.265990000005,];[5115.275040000002,5616.265990000005,];[5115.275040000002,5616.265990000005,];[5115.275040000002,5616.265990000005,];[5115.275040000002,5616.265990000005,];[5115.275040000002,5616.265990000005,];[5115.275040000002,5616.265990000005,];[5115.275040000002,5616.265990000005,];[5115.275040000002,5616.265990000005,];[5115.275040000002,5616.265990000005,];[5115.275040000002,5616.265990000005,];[5115.275040000002,5616.265990000005,];[5115.165440000002,5616.265990000005,];[5115.165440000002,5616.265990000005,];[5115.165440000002,5616.265990000005,];[5115.165440000002,5616.265990000005,];[5115.165440000002,5616.265990000005,];[5115.165440000002,5616.265990000005,];];
