lya_avg_delay=[[1.375989879424121,1.4044501922615542,];[1.474104828434305,1.4938560284943003,];[2.4611836253749773,2.5988114076185163,];[3.432913545291103,3.5777666724656,];[4.236899187763649,4.370525729455212,];[5.05846129514174,5.212859485003756,];[5.945323042592226,6.10368589922087,];[6.797199374325463,6.962829775345236,];[7.713802120575253,7.878753282842793,];[8.588313028193303,8.770605160166921,];[9.493097592081945,9.667946471506069,];[10.474585327238723,10.66331198350744,];[11.36068058938025,11.533633011095908,];[12.274280610081133,12.45543556419032,];[13.12371481763893,13.314011315839286,];[13.996641655673864,14.183325876729617,];[14.86048586083088,15.049893319439146,];[15.828859222557954,16.012657440914285,];[16.66876893581851,16.868822786748304,];[17.39049294781036,17.571531910017928,];[18.381228936112823,18.570815317036594,];[19.24733402609742,19.44387410228216,];[20.150592091486146,20.337665187466985,];[20.9119933845237,21.09848085632933,];[21.842830911819163,22.034515837733924,];[22.770074105282973,22.960348564491103,];[23.481167073788836,23.66667521596041,];[24.424602427716938,24.614006878826743,];[25.25103965807125,25.454613102282416,];[26.22950639382638,26.420288622380696,];[27.07545315477251,27.272531921119285,];[27.838806514399966,28.0293917882452,];[28.838817362033332,29.037453015302614,];[29.70065070845929,29.903850859928852,];[30.51185416467018,30.694920775947924,];[31.443442823638268,31.635547943314396,];[32.347593707261225,32.53560781643952,];[33.246398636178526,33.430001577390215,];[33.98085941032144,34.178306874328605,];[34.99068431824016,35.184767760951615,];[35.81207779214909,35.993197145478334,];[36.691273190465395,36.88389018566631,];[37.68058380504225,37.860643282246926,];[38.50836848740505,38.70124958878471,];[39.356242106785096,39.53902445081633,];[40.27625065057344,40.45976978704621,];[41.158658496105524,41.354470766951266,];[41.89039768236795,42.087864575889384,];[42.95927395321562,43.149027609784405,];[43.66916181224244,43.86277105639347,];[44.54351831284478,44.734491056395974,];[45.514959265152626,45.71164514337699,];[46.366742685968056,46.561126466411935,];[47.07848915507445,47.27396249880563,];[47.88989269256653,48.094632571690795,];[48.82334581764259,49.02576055039585,];[49.692321603784706,49.89642530204508,];[50.343327419018784,50.53743591541941,];[51.249944500602034,51.44106175855034,];[52.163068148173735,52.35400442201907,];[53.125344416325575,53.31669119167037,];[53.881070333536755,54.07741109508445,];[54.68600631103969,54.87994629334316,];[55.6616586268791,55.84941213497733,];[56.36778819376548,56.559291251954015,];[57.23893800270621,57.43499445861518,];[58.13864081014431,58.33731119796666,];[59.086544290347504,59.275721402525015,];[59.819849651174074,60.009963492806,];[60.82572149640947,61.013638681772385,];[61.73406326875249,61.9321332075648,];[62.43812300840533,62.64403970936514,];[63.510300410024456,63.71860203509942,];[64.3194429847088,64.52539473305926,];[65.20248683683937,65.40762590672526,];[65.87588117847145,66.06951537343232,];[66.93576589832752,67.14346498231059,];[67.73034079934835,67.93557155729694,];[68.52066154620006,68.71308015897743,];[69.40335748891145,69.60255490312876,];[70.24400276935414,70.44605098051198,];[71.23689029334827,71.43776958429024,];[72.10919623996001,72.31886708369134,];[72.67377217967194,72.88254216857403,];[73.70090312778075,73.90395349610705,];[74.64153649580805,74.84452197091304,];[75.2851331520776,75.49561235453697,];[76.19560118717006,76.410048502107,];[77.2459712450602,77.47476700450818,];[78.17531727505389,78.40198118447223,];[78.68996836173515,78.91695571746415,];[79.77513873186284,80.00019863258245,];[80.82113252310477,81.04837378285303,];[81.6451847792543,81.87693424566133,];[82.31172280924433,82.5560228101444,];[83.37871499731128,83.62297402910474,];[84.35715205249767,84.60568611698487,];[84.94344164667926,85.19526038603104,];[86.01738571686415,86.2693560395995,];[86.86376252820227,87.11290630474716,];[87.66974779095167,87.92567900510866,];];
lya_avg_quality=[[8552.173998200418,9928.91058488299,];[8159.144601079829,9647.911556688645,];[6953.8181493701795,7771.729265146976,];[6919.207432513538,7387.325698860247,];[6886.4570215957065,7323.905221955616,];[6872.340119976047,7225.60165566887,];[6846.453032393571,7151.298632273555,];[6869.49995200965,7106.516241751667,];[6866.636838632324,7129.361835632884,];[6926.6310737852955,7055.002291541703,];[6903.040302939465,7025.817894421129,];[6929.168203359382,7011.960746850649,];[6899.534427114634,7015.444004199171,];[6903.786649670115,6994.176925614888,];[6922.57320935818,6963.055911817655,];[6896.370710857873,6978.237855428923,];[6903.8494241152275,6971.385329934026,];[6908.827786442766,6957.952351529704,];[6895.18905218961,6948.343302339544,];[6883.825308938257,6951.667936412725,];[6896.219964007247,6938.79867126576,];[6890.1633473305865,6948.618989202175,];[6889.054913017448,6936.217600479909,];[6874.227303539342,6938.750824835045,];[6900.160206958651,6919.242570485915,];[6890.36439712062,6924.434568086388,];[6867.6369916017275,6938.934502099588,];[6870.768998200402,6934.044445110985,];[6901.094034193202,6899.078827234558,];[6879.992921415761,6921.046313737258,];[6872.237786442756,6916.542672465513,];[6876.777264547137,6909.884499100187,];[6883.903143371369,6906.486823635278,];[6898.021853629319,6896.148800239958,];[6876.495296940662,6904.27354829035,];[6884.497720455955,6899.731718656276,];[6902.813722255592,6891.511520695869,];[6878.685797840476,6903.981469706069,];[6869.383554289186,6905.499196160776,];[6898.040179964054,6886.745698860234,];[6886.831409718099,6900.597330533906,];[6885.706928614322,6896.3797420516,];[6885.801277744499,6900.504478104386,];[6880.173869226202,6904.230362927419,];[6875.408143371369,6897.9501769646195,];[6886.691394721103,6898.219196160778,];[6876.821574685113,6899.651238752256,];[6885.626043791284,6891.659343131389,];[6888.632036592729,6891.533179364137,];[6876.349472105621,6894.43825434914,];[6866.538425314985,6901.8816976604785,];[6883.479685063035,6895.147441511711,];[6865.836649670113,6903.037957408528,];[6863.96460107983,6904.462327534505,];[6861.927444511143,6912.904796040807,];[6870.983380323982,6899.623218356342,];[6866.620995800887,6897.643404319148,];[6859.827498500347,6894.373965206974,];[6846.649511097827,6919.313707258565,];[6861.87827834438,6897.841106778659,];[6860.4055518896685,6900.7558008398455,];[6847.079241151816,6904.008185362943,];[6853.442807438558,6900.7271505699055,];[6853.037159568134,6909.089439112188,];[6846.5432753449795,6907.014337132586,];[6853.828917216607,6903.661427714472,];[6840.271574685106,6913.760215956824,];[6840.885887822484,6917.529493101392,];[6834.3577594481585,6915.146214757065,];[6843.337420515944,6913.26609178166,];[6834.164961007846,6923.058413317348,];[6828.044646070831,6922.28365326936,];[6841.893752249597,6911.789241151787,];[6837.561964607127,6918.212681463725,];[6830.537135572931,6921.252714457122,];[6836.285179964049,6922.803494301156,];[6837.312756448759,6920.627642471521,];[6823.629490102025,6929.135743851246,];[6835.141091781686,6920.62384523097,];[6844.443647270588,6914.255518896236,];[6829.725479904069,6920.738941211773,];[6834.725305938858,6916.881115776861,];[6838.497105578929,6917.206361727668,];[6831.795641871672,6921.356691661681,];[6840.339868026441,6908.523476304755,];[6837.953185362975,6915.051457708471,];[6835.7421775645325,6914.3396730654,];[6850.1548800240425,6898.807075584896,];[6839.324256148817,6910.351586682678,];[6834.526559688108,6915.930833833245,];[6840.6278164367595,6906.954670066,];[6840.520635872875,6906.747219556101,];[6837.224064187207,6907.082702459522,];[6841.040536892668,6904.8046940612,];[6847.8976514697515,6898.275821835648,];[6849.883209358174,6894.515638872237,];[6848.034265147019,6895.894724055204,];[6849.085149970051,6888.274361127791,];[6857.723629274193,6880.395920815848,];[6854.927036592728,6882.102480503912,];[6858.914160168015,6879.377945410934,];];
