lya_avg_delay=[[1.3807247536000051,1.401320390400003,];[1.4843393499999962,1.495709698799998,];[2.3665659040000313,2.506950868800017,];[2.9165135100000543,3.065836684000036,];[3.4497098820000587,3.6049078868000377,];[4.135025865199932,4.2804032659999125,];[4.8685103304000625,5.0380599712000445,];[5.548310131200064,5.711231858000012,];[6.176108835200231,6.31977888880021,];[6.918885097600065,7.058773101600012,];[7.617823240400128,7.749420700800103,];[8.283960274800393,8.422384760000394,];[8.773911957600221,8.903282303200243,];[9.333610271600454,9.476735762400414,];[10.066035935200704,10.188638761200709,];[10.771661176800912,10.884216923200906,];[11.371295195200847,11.50473988800087,];[12.110093022400532,12.246369544400565,];[12.675514609601343,12.803941539601356,];[13.411575509602338,13.529653577202309,];[14.143713426803528,14.262166016003556,];[14.770239801608158,14.87984792400814,];[15.321789299607635,15.447344688007602,];[16.086948136806523,16.21001476200657,];[16.755106372407127,16.875076888407108,];[17.430201855608743,17.534351507608744,];[18.046886522007313,18.156540390007407,];[18.752969655209203,18.867892892009344,];[19.417338352408326,19.54092409040826,];[20.16058139241611,20.273265039616078,];[20.997414562818367,21.104468434818344,];[21.516230891218374,21.616306882018318,];[22.164586407216,22.295488623616016,];[22.869528605215752,22.97539263881573,];[23.423552555214584,23.530209186014503,];[24.055506296816045,24.170549856015942,];[24.787208772017948,24.894043724017976,];[25.4824746652197,25.576682186419674,];[26.043536698017288,26.143193814417277,];[26.85911008001775,26.968334412817686,];[27.47013064041651,27.58048297361653,];[28.204033683219524,28.328666758819438,];[28.87348690521745,28.98272361521744,];[29.502191779217775,29.602016850417765,];[30.004853212816705,30.112787982016638,];[30.82487385921749,30.926183531217514,];[31.640371966016076,31.730593667616066,];[32.31063789441617,32.40017630041622,];[32.79789617961609,32.892744316016135,];[33.38901817121739,33.48725768241737,];[34.29361007201699,34.39382928681702,];[34.848633929617094,34.953009629617256,];[35.500811333218294,35.599182728818214,];[36.25790887321658,36.342986857216644,];[36.70638575361633,36.800459166416346,];[37.397358761217475,37.49240133281738,];[37.928740272817386,38.02403456521736,];[38.609683210818865,38.701773321218845,];[39.51905433961817,39.58578866361825,];[40.17943947961784,40.26840810241807,];[40.717844399217405,40.805919631617364,];[41.301636765617275,41.39999218041717,];[42.22389210282027,42.33075412362024,];[42.873440777221056,42.976975083221056,];[43.491661266021126,43.58050548562104,];[44.16734123362117,44.258724831221194,];[45.16147193361925,45.25448330001919,];[45.40422765921998,45.50482127921999,];[46.31190891762117,46.41346616002119,];[46.933263368021166,47.03871060962112,];[47.56673530682125,47.66449299642112,];[48.325401000421415,48.42581808242135,];[49.054090265619436,49.141472685219576,];[49.44911163281798,49.541886609618224,];[50.326264043220206,50.428776837620326,];[50.93854473881952,51.03406029201951,];[51.70234146162052,51.81850256762044,];[52.48537331722153,52.5939105132216,];[53.028969621620966,53.15024333282088,];[53.64844772122089,53.757127121221,];[54.56390849121932,54.67647672561922,];[55.31798624762073,55.43942208322077,];[55.94802712322087,56.06212564242103,];[56.40028237922145,56.50940095722142,];[56.81883630722022,56.93580729122026,];[57.79830763441999,57.9047274416199,];[58.73542867481915,58.847172669619056,];[59.35558628801972,59.47603783921959,];[59.77718350762069,59.90380112362044,];[60.74332115682075,60.85270667522071,];[61.323100708820085,61.435818909220245,];[62.03269298361923,62.15918643441931,];[62.809089894820694,62.9328596200209,];[63.340363872820106,63.46386055042006,];[63.904269993219934,64.02937783121989,];[64.79436443801856,64.92445376801838,];[65.59951654881978,65.72147117561956,];[66.05675051401936,66.16831664281949,];[66.81290421202121,66.9360125324212,];[67.58098217282024,67.71448890362039,];[67.97207560281917,68.09918947121902,];];
lya_avg_quality=[[8555.853752000023,9981.794787999968,];[8138.033224000005,9695.920511999979,];[6510.384135999966,6968.461948000018,];[6131.876079999952,6450.590044000016,];[5985.972707999957,6273.646204000021,];[5995.639103999965,6202.858172000013,];[5941.670059999963,6168.926084000011,];[5888.210535999967,6137.495328000007,];[5835.490251999974,6137.904524000005,];[5837.333039999969,6118.824976,];[5817.027047999969,6096.272920000002,];[5830.93209999997,6065.565952000002,];[5768.073323999971,6058.788968000008,];[5757.324727999971,6047.046224000008,];[5743.925207999968,6029.906160000003,];[5708.328055999967,6039.575616000008,];[5713.455799999966,6027.171944000011,];[5699.752483999968,6011.366076000009,];[5698.562555999969,6002.86919200001,];[5685.03173199997,6011.18496800001,];[5691.83077999997,5988.386488000009,];[5676.3977199999645,5984.694048000009,];[5674.983235999967,5970.909620000011,];[5649.92631999997,5978.228812000013,];[5655.448119999962,5967.129808000011,];[5626.551751999964,5967.705036000009,];[5622.348251999964,5964.080740000008,];[5621.398711999963,5950.206056000011,];[5628.581083999961,5938.157932000012,];[5619.5005799999635,5944.766360000011,];[5607.193811999966,5950.201236000013,];[5592.700719999965,5947.543252000014,];[5599.429963999962,5934.318896000012,];[5596.07812399996,5927.992784000012,];[5586.559359999961,5921.496944000013,];[5574.750043999965,5925.176992000017,];[5575.412011999964,5926.068300000019,];[5578.171079999963,5921.484708000022,];[5577.877003999961,5921.443588000019,];[5572.259379999962,5918.76364400002,];[5562.237639999964,5917.961600000021,];[5550.876623999964,5919.449572000019,];[5556.019123999966,5917.59443200002,];[5556.437491999962,5917.047140000021,];[5554.500483999961,5911.81449200002,];[5546.8211119999605,5912.812976000023,];[5536.035095999962,5914.799444000022,];[5527.427155999962,5913.338356000021,];[5532.935811999961,5914.2289200000205,];[5533.616787999961,5908.72176000002,];[5536.15944799996,5906.234556000022,];[5529.207059999962,5913.364116000022,];[5523.88134399996,5912.951876000023,];[5515.10351599996,5910.896736000023,];[5511.02715199996,5910.238964000024,];[5517.698611999961,5906.320308000025,];[5518.32817199996,5900.831476000024,];[5511.219015999958,5904.316392000023,];[5499.896663999959,5907.664752000024,];[5491.28219599996,5909.806040000024,];[5500.39118399996,5909.479416000025,];[5497.655331999962,5908.620956000026,];[5500.48264399996,5902.220472000025,];[5494.3296279999595,5904.987552000025,];[5491.8132319999595,5908.021828000025,];[5490.3924879999595,5904.377672000026,];[5484.40241599996,5902.801116000026,];[5484.45209199996,5902.755508000027,];[5489.208699999959,5901.367780000025,];[5486.160391999958,5900.962640000025,];[5486.838859999958,5901.091820000026,];[5480.793799999958,5904.025640000026,];[5480.27883999996,5901.6633080000265,];[5481.980003999959,5897.805568000025,];[5484.044083999959,5899.912216000026,];[5479.990995999957,5899.409908000024,];[5478.270003999961,5899.493356000025,];[5472.42549599996,5902.102908000026,];[5478.9363999999605,5894.6138240000255,];[5476.002863999958,5896.962076000026,];[5476.928451999958,5895.353656000027,];[5472.09011199996,5895.308864000026,];[5470.817343999961,5895.293592000026,];[5469.370195999962,5893.131124000026,];[5470.170479999961,5893.464132000026,];[5467.57356399996,5894.312536000027,];[5467.46620399996,5894.082712000027,];[5469.024451999961,5893.859320000027,];[5464.142035999959,5892.832108000028,];[5463.649035999962,5893.489508000027,];[5463.12726799996,5891.249352000026,];[5464.275799999959,5889.190520000027,];[5463.385039999959,5890.744764000027,];[5464.563651999959,5889.471168000026,];[5455.63586799996,5892.685472000027,];[5460.6188919999595,5890.490996000026,];[5464.317523999958,5886.926396000027,];[5455.93954399996,5891.043992000026,];[5458.397643999958,5889.011388000026,];[5457.5828519999595,5889.523876000026,];[5452.762727999959,5889.711424000026,];];
