lya_avg_delay=[[1.3806529713086113,1.4013617788663426,];[1.4833664842547178,1.4949646046186125,];[2.367416927921632,2.514719799160253,];[2.8283681231630715,2.9913735598320557,];[3.0260541539538366,3.1531512001399626,];[3.1793897620713847,3.2829114968509363,];[3.3694499055283313,3.5129787333799682,];[3.566805089573131,3.7096506620013994,];[3.751064676696984,3.925321876836944,];[3.8613583037088794,4.035612575227421,];[3.984354630510832,4.1443977459761925,];[4.132506097970597,4.293330156053175,];[4.218462147655698,4.389643060881733,];[4.317745366690017,4.501354391182656,];[4.427050504548685,4.6205064534639995,];[4.518372864240747,4.71289701749476,];[4.669509213435976,4.862436407277812,];[4.81520202519245,4.992259093771862,];[4.833224392582227,5.006327612316292,];[4.8848525367389914,5.080000716585023,];[4.928956004898549,5.1369960069979035,];[4.966371811756499,5.163351706787974,];[4.987557501749506,5.1828629356193305,];[5.028852350594852,5.225959783065098,];[5.118830195241474,5.3097922932120705,];[5.169425428271574,5.367591181245668,];[5.255312061581584,5.453690000000044,];[5.291190314905563,5.48779386843949,];[5.330925769069313,5.519154580125981,];[5.406505389083314,5.5903673163051355,];[5.430121313505979,5.611730965010518,];[5.457080309307241,5.63288419454166,];[5.522080445066502,5.68739906927923,];[5.555305908327525,5.719137882435285,];[5.6312721252624485,5.796359072078396,];[5.68559409517153,5.848138610916769,];[5.740136945416455,5.909829117564773,];[5.775606217634799,5.946056759272271,];[5.825446715185539,5.996106471658559,];[5.865044300909823,6.039238733380045,];[5.89491391882446,6.070536074877606,];[5.906340562631326,6.082111154653681,];[5.954937748775488,6.117446988803449,];[5.970030198040707,6.134178239328292,];[6.026154431770604,6.19313207277827,];[6.0570211546537465,6.232894025192554,];[6.118349006998039,6.292601810357002,];[6.148100299510264,6.323310146956008,];[6.182778064380802,6.355842162351386,];[6.180715372288451,6.360354375087581,];[6.180715372288451,6.360354375087581,];[6.199279297410914,6.377806158152661,];[6.224596090273051,6.403122951014798,];[6.238945242127496,6.415089256123266,];[6.245964587823797,6.420540953114178,];[6.248191700489996,6.422768065780379,];[6.264405799160397,6.43862572778178,];[6.285767440168088,6.460997102869247,];[6.329383372288446,6.503386853044189,];[6.363742924422792,6.524904928621507,];[6.374753096571145,6.539492196641097,];[6.374753096571145,6.539492196641097,];[6.386382248425586,6.552062296011285,];[6.402926363191155,6.56987903498959,];[6.434515724282786,6.602103993701935,];[6.470841627011963,6.631465801959455,];[6.523342359692148,6.688301909027321,];[6.53439238278522,6.6987315129461455,];[6.5346681574528285,6.699655193142095,];[6.550049822953179,6.717622095871278,];[6.550049822953179,6.717622095871278,];[6.550743695591388,6.718315968509486,];[6.550743695591388,6.718315968509486,];[6.588716384884619,6.757423841847507,];[6.588716384884619,6.757423841847507,];[6.606778897830737,6.775375117564797,];[6.611103930720872,6.77970015045493,];[6.646711130161037,6.8141721077677335,];[6.665208519944102,6.833418160251988,];[6.673388149055367,6.836449955213498,];[6.680270419174333,6.843338347795724,];[6.736082927921709,6.895524904128824,];[6.739783310007083,6.899225286214199,];[6.752863440168037,6.913408221133725,];[6.793339300909805,6.947798769769122,];[6.805102203638987,6.9599437011896965,];[6.805102203638987,6.9599437011896965,];[6.826088979006394,6.97924086634017,];[6.84211731840457,6.995269205738346,];[6.842506358292605,6.995658245626379,];[6.861511202239422,7.014663089573198,];[6.861511202239422,7.014663089573198,];[6.861511202239422,7.014663089573198,];[6.861511202239422,7.014663089573198,];[6.8818789482156415,7.034307891532623,];[6.886812440867846,7.039241384184825,];[6.886812440867846,7.039241384184825,];[6.895633701189744,7.049555813156128,];[6.904661225332504,7.057642389783144,];[6.904661225332504,7.057642389783144,];[6.904661225332504,7.057642389783144,];];
lya_avg_quality=[[8566.440916724976,9986.290972708166,];[8153.170069978992,9702.179335199418,];[6317.103939818053,6639.713156053185,];[5663.723456962909,5932.008026592023,];[5408.6851924422635,5844.696130160954,];[5355.477200839741,5812.260986703996,];[5304.563855843242,5774.185724282721,];[5275.373484954517,5742.411189643107,];[5252.201035689301,5713.945066480058,];[5238.357403778872,5694.964079776063,];[5224.131511546549,5683.449118264515,];[5207.606675997216,5679.540972708183,];[5204.113848845361,5671.811420573827,];[5199.494422673213,5663.133317004899,];[5195.52018194543,5654.792309307211,];[5193.690993701902,5649.1706717984625,];[5191.268117564743,5640.890776766976,];[5184.615892232345,5637.093617914634,];[5182.552127361806,5637.66592722184,];[5181.540797760686,5633.397858642413,];[5179.203778866352,5631.830923722889,];[5177.989825052496,5631.088152554239,];[5176.4874037788795,5631.077137858648,];[5175.422638208552,5630.196144156757,];[5174.112449265235,5628.8758152554265,];[5173.601378586439,5627.858565430375,];[5172.795724282728,5626.514996501055,];[5171.603708887346,5625.092848145564,];[5170.143226032205,5625.083799860048,];[5169.166634009812,5624.79703988804,];[5168.549692092386,5624.711357592729,];[5167.584261721498,5624.83447865641,];[5166.023792862158,5624.701693491957,];[5165.884849545154,5624.039405178451,];[5165.490188943334,5623.448971308612,];[5165.010000000017,5623.105115465365,];[5164.603862841164,5622.683030090978,];[5164.491840447882,5622.683030090978,];[5164.069608117581,5622.387571728486,];[5163.713890832767,5622.212736179152,];[5163.634744576643,5621.758803358996,];[5162.993198040604,5621.9684254723625,];[5162.478439468176,5621.875710286918,];[5162.2815325402535,5621.610167949619,];[5162.000384884551,5621.370363890836,];[5162.35393981807,5621.054212736182,];[5161.985577326818,5620.968068579429,];[5161.816018194558,5620.556515045491,];[5161.4531560532005,5620.349482155359,];[5161.6099930021155,5620.205290412882,];[5161.6099930021155,5620.205290412882,];[5161.392918124579,5620.267361791469,];[5160.891014695608,5620.301182645213,];[5160.662876137176,5620.206815955219,];[5160.574674597638,5620.217578726387,];[5160.574674597638,5620.172715185448,];[5160.492820153971,5620.161672498255,];[5160.5130160951885,5619.953897830655,];[5160.300069979023,5619.881826452068,];[5160.138299510163,5619.881826452068,];[5160.176634009814,5619.520111966414,];[5160.176634009814,5619.520111966414,];[5160.152855143473,5619.469874037793,];[5159.994667599736,5619.469874037793,];[5159.964394681612,5619.386578026597,];[5159.921420573844,5619.174079776071,];[5159.679769069296,5618.9277186844,];[5159.556403079092,5618.83827151855,];[5159.407781665515,5618.828180545842,];[5159.545773268034,5618.712897130867,];[5159.545773268034,5618.712897130867,];[5159.51550034991,5618.712897130867,];[5159.51550034991,5618.712897130867,];[5159.51550034991,5618.568201539543,];[5159.51550034991,5618.568201539543,];[5159.494793561947,5618.455528341504,];[5159.494793561947,5618.37638208538,];[5159.494793561947,5618.283310007004,];[5159.33571728483,5618.32817354794,];[5159.2221063681045,5618.32817354794,];[5159.172701189658,5618.266102169354,];[5158.840454863555,5618.324996501055,];[5158.810181945431,5618.324996501055,];[5158.88449265222,5618.265563331006,];[5158.612309307223,5618.315801259628,];[5158.591602519259,5618.209909027297,];[5158.591602519259,5618.209909027297,];[5158.491987403794,5618.209909027297,];[5158.491987403794,5618.123142057388,];[5158.47483554935,5618.123142057388,];[5158.447893631926,5617.988999300215,];[5158.447893631926,5617.988999300215,];[5158.447893631926,5617.988999300215,];[5158.447893631926,5617.988999300215,];[5158.398488453479,5617.988999300215,];[5158.312204338715,5617.988999300215,];[5158.312204338715,5617.988999300215,];[5158.312204338715,5617.9169279216285,];[5158.258411476574,5617.872064380691,];[5158.258411476574,5617.872064380691,];[5158.258411476574,5617.872064380691,];];
