lya_avg_delay=[[1.3772678734253234,1.3994159244151199,];[1.4806613545290948,1.4942128374325125,];[2.363703773845247,2.5060208902219614,];[2.840364051589705,3.0204701475704976,];[3.035059274745079,3.1776308722255684,];[3.230287730653879,3.3500486922615456,];[3.485358952609488,3.65817860707858,];[3.737940568686283,3.909307666466719,];[3.9576532855429223,4.166020955009025,];[4.179406570485918,4.374886902219561,];[4.37699508038394,4.559815757648479,];[4.62824114637078,4.8185834757049095,];[4.811797044391168,5.012941883023441,];[5.028498851229833,5.241687887222629,];[5.24526700299947,5.469925820036058,];[5.384866844631145,5.610133819436181,];[5.601664877024652,5.84247200599885,];[5.785395803839341,6.003605953809342,];[5.827883155968833,6.049659635872846,];[6.007704334133297,6.249648351529814,];[6.203587998800387,6.4618563989203635,];[6.337949031193926,6.59219139472122,];[6.461395154769247,6.722108218956414,];[6.612795279544302,6.87948675764868,];[6.818443748650497,7.0763738152371785,];[6.959550566286952,7.22556104799062,];[7.124346079184311,7.3914826778645795,];[7.331062713857258,7.591124487702493,];[7.580564910018029,7.8370458272345855,];[7.804439832633478,8.059173974805049,];[7.9230656070786525,8.172469280144039,];[8.079774322135695,8.32772104919028,];[8.202522863227525,8.440271532693641,];[8.395600582483626,8.6309957186564,];[8.475156427714596,8.712331925015155,];[8.534230235153084,8.776729062387647,];[8.74709608698269,8.99448490641881,];[8.983229893821283,9.233553236952668,];[9.081589361127897,9.339007491901759,];[9.157134682663695,9.411772473305582,];[9.325365930414124,9.58778562687485,];[9.502325787042722,9.77810034433128,];[9.72412391361747,10.003185464907235,];[9.888777142171612,10.171017498500367,];[9.965872498500422,10.243237044991108,];[10.024779814037252,10.302390190761892,];[10.202256424715122,10.481416359928073,];[10.353960669466165,10.63342913557293,];[10.538925239352011,10.81860006718646,];[10.596758047390418,10.878025280143895,];[10.862367347930316,11.15002799940006,];[11.092308586682678,11.376011064187203,];[11.242872788842273,11.525711751649746,];[11.292825013797252,11.575749282543535,];[11.429047840431894,11.710384238152415,];[11.568000841031727,11.853827626274757,];[11.590153956208765,11.876205725854915,];[11.736319392321626,12.026771987402693,];[11.862252983203595,12.153661350330221,];[12.008128314337391,12.302043451110098,];[12.174540875225158,12.460921043191615,];[12.316002302939651,12.596326646071057,];[12.38153695680874,12.663340455309047,];[12.448318902819462,12.734521583083428,];[12.582093368326396,12.872267260347977,];[12.707607262747505,13.001270403719332,];[12.927002521295767,13.215935645471,];[13.10220395260955,13.395105706658805,];[13.188810211157852,13.480746199160313,];[13.433428414517266,13.73036827834455,];[13.548962939412172,13.844544532693591,];[13.669491916616783,13.967621212357715,];[13.833493671265815,14.12100202879439,];[13.879941573485356,14.16953050269957,];[14.04124382483511,14.333008763047534,];[14.136194700059981,14.4263596592682,];[14.197803534493108,14.486774814037238,];[14.215402257348574,14.501948821835713,];[14.275400914217172,14.558953488902276,];[14.397944826634564,14.686435647870406,];[14.48359264547082,14.774946808638271,];[14.591321580083878,14.877148901019764,];[14.769456765446732,15.056998229154054,];[14.830931318536127,15.121547585482796,];[14.978568387522436,15.271088236352758,];[15.05741577804432,15.348443374925012,];[15.107233949010126,15.396409082183572,];[15.22992336352734,15.522945151169887,];[15.374396482303574,15.671826950809962,];[15.47058893581288,15.76351002699476,];[15.647013716856794,15.941604259148454,];[15.78350739412123,16.08255787522512,];[15.874333107378556,16.174175250749972,];[15.988211305338968,16.291153843431456,];[16.136441695260938,16.43917257708469,];[16.249457799040048,16.55179484943008,];[16.46104414817032,16.76900828434318,];[16.482322634673025,16.791696677264603,];[16.54484151469711,16.86125715476914,];[16.639970725854912,16.959932963407443,];[16.760619776844766,17.08088073905233,];];
