lya_avg_delay=[[0.9007754290000114,];[0.977876566000002,];[1.4726585830000145,];[1.7440768440000187,];[1.8898345040000206,];[1.9878860840000134,];[2.0839518005000093,];[2.2106437820000164,];[2.3232945370000135,];[2.3970768915000122,];[2.4630422380000083,];[2.542043800000011,];[2.5648664530000085,];[2.586942882500012,];[2.620251671000012,];[2.6464900320000107,];[2.670852634000011,];[2.7542297685000072,];[2.763323400000007,];[2.763323400000007,];[2.7826198875000077,];[2.7930172660000063,];[2.802082473500005,];[2.802082473500005,];[2.8176018500000044,];[2.8176018500000044,];[2.830242897000005,];[2.8433914885000067,];[2.849299422000007,];[2.849299422000007,];[2.849299422000007,];[2.849299422000007,];[2.860728641000006,];[2.860728641000006,];[2.8654541140000065,];[2.8654541140000065,];[2.8654541140000065,];[2.8654541140000065,];[2.8654541140000065,];[2.8654541140000065,];[2.8654541140000065,];[2.8654541140000065,];[2.8740659485000033,];[2.8740659485000033,];[2.8740659485000033,];[2.8740659485000033,];[2.8740659485000033,];[2.8740659485000033,];[2.8740659485000033,];[2.8740659485000033,];[2.8740659485000033,];[2.8740659485000033,];[2.8740659485000033,];[2.8740659485000033,];[2.8740659485000033,];[2.8740659485000033,];[2.8740659485000033,];[2.8740659485000033,];[2.8740659485000033,];[2.8740659485000033,];[2.8856851340000067,];[2.8856851340000067,];[2.8856851340000067,];[2.8856851340000067,];[2.8856851340000067,];[2.8856851340000067,];[2.8856851340000067,];[2.8856851340000067,];[2.8856851340000067,];[2.8856851340000067,];[2.8856851340000067,];[2.8856851340000067,];[2.8856851340000067,];[2.8856851340000067,];[2.8856851340000067,];[2.8856851340000067,];[2.8856851340000067,];[2.8856851340000067,];[2.893271069500007,];[2.905776703000008,];[2.905776703000008,];[2.905776703000008,];[2.905776703000008,];[2.905776703000008,];[2.905776703000008,];[2.905776703000008,];[2.905776703000008,];[2.905776703000008,];[2.905776703000008,];[2.905776703000008,];[2.905776703000008,];[2.905776703000008,];[2.905776703000008,];[2.905776703000008,];[2.905776703000008,];[2.9124349995000074,];[2.9124349995000074,];[2.9124349995000074,];[2.9124349995000074,];[2.9124349995000074,];[2.9124349995000074,];];
lya_avg_quality=[[8559.115344999982,];[8140.799149999968,];[6282.45647499998,];[5619.841844999972,];[5376.218584999975,];[5323.661129999981,];[5280.546069999978,];[5247.440184999991,];[5221.587689999994,];[5207.22719499999,];[5195.066244999998,];[5181.968734999997,];[5178.761259999998,];[5175.965695000005,];[5171.747825000004,];[5168.691735000001,];[5165.897865,];[5156.842405000004,];[5156.068905000004,];[5156.068905000004,];[5154.326320000002,];[5153.372449999999,];[5152.643745000001,];[5152.643745000001,];[5151.552430000001,];[5151.552430000001,];[5150.765925000001,];[5149.929104999999,];[5149.592760000001,];[5149.592760000001,];[5149.592760000001,];[5149.592760000001,];[5148.939365,];[5148.939365,];[5148.731030000001,];[5148.731030000001,];[5148.731030000001,];[5148.731030000001,];[5148.731030000001,];[5148.731030000001,];[5148.731030000001,];[5148.731030000001,];[5148.4037800000015,];[5148.4037800000015,];[5148.4037800000015,];[5148.4037800000015,];[5148.4037800000015,];[5148.4037800000015,];[5148.4037800000015,];[5148.4037800000015,];[5148.4037800000015,];[5148.4037800000015,];[5148.4037800000015,];[5148.4037800000015,];[5148.4037800000015,];[5148.4037800000015,];[5148.4037800000015,];[5148.4037800000015,];[5148.4037800000015,];[5148.4037800000015,];[5148.082905000001,];[5148.082905000001,];[5148.082905000001,];[5148.082905000001,];[5148.082905000001,];[5148.082905000001,];[5148.082905000001,];[5148.082905000001,];[5148.082905000001,];[5148.082905000001,];[5148.082905000001,];[5148.082905000001,];[5148.082905000001,];[5148.082905000001,];[5148.082905000001,];[5148.082905000001,];[5148.082905000001,];[5148.082905000001,];[5147.938064999999,];[5147.662069999999,];[5147.662069999999,];[5147.662069999999,];[5147.662069999999,];[5147.662069999999,];[5147.662069999999,];[5147.662069999999,];[5147.662069999999,];[5147.662069999999,];[5147.662069999999,];[5147.662069999999,];[5147.662069999999,];[5147.662069999999,];[5147.662069999999,];[5147.662069999999,];[5147.662069999999,];[5147.545620000002,];[5147.545620000002,];[5147.545620000002,];[5147.545620000002,];[5147.545620000002,];[5147.545620000002,];];
lya_avg_qlen=[[0.18195,];;[0.19742,];;[0.29623,];;[0.35085,];;[0.37992,];;[0.39964,];;[0.41851,];;[0.44452,];;[0.4673,];;[0.48158,];;[0.49467,];;[0.51064,];;[0.51506,];;[0.51965,];;[0.52611,];;[0.53121,];;[0.53598,];;[0.55258,];;[0.55428,];;[0.55428,];;[0.55819,];;[0.56023,];;[0.5621,];;[0.5621,];;[0.56516,];;[0.56516,];;[0.56771,];;[0.57054,];;[0.57173,];;[0.57173,];;[0.57173,];;[0.57173,];;[0.57411,];;[0.57411,];;[0.57513,];;[0.57513,];;[0.57513,];;[0.57513,];;[0.57513,];;[0.57513,];;[0.57513,];;[0.57513,];;[0.57683,];;[0.57683,];;[0.57683,];;[0.57683,];;[0.57683,];;[0.57683,];;[0.57683,];;[0.57683,];;[0.57683,];;[0.57683,];;[0.57683,];;[0.57683,];;[0.57683,];;[0.57683,];;[0.57683,];;[0.57683,];;[0.57683,];;[0.57683,];;[0.57921,];;[0.57921,];;[0.57921,];;[0.57921,];;[0.57921,];;[0.57921,];;[0.57921,];;[0.57921,];;[0.57921,];;[0.57921,];;[0.57921,];;[0.57921,];;[0.57921,];;[0.57921,];;[0.57921,];;[0.57921,];;[0.57921,];;[0.57921,];;[0.58074,];;[0.58329,];;[0.58329,];;[0.58329,];;[0.58329,];;[0.58329,];;[0.58329,];;[0.58329,];;[0.58329,];;[0.58329,];;[0.58329,];;[0.58329,];;[0.58329,];;[0.58329,];;[0.58329,];;[0.58329,];;[0.58329,];;[0.58465,];;[0.58465,];;[0.58465,];;[0.58465,];;[0.58465,];;[0.58465,];;];
lya_avg_qbacklog=[[0.08535206769206292,];;[0.10325619074329864,];;[0.23836867545890048,];;[0.3334626987741687,];;[0.39174337291206784,];;[0.4402975929337753,];;[0.4992409997387715,];;[0.5690149976834287,];;[0.6297231959403882,];;[0.6646517251089009,];;[0.704314994210486,];;[0.7433949272497146,];;[0.7561499664692289,];;[0.7655025159092038,];;[0.7795908750604212,];;[0.7951557108769689,];;[0.808150220407644,];;[0.8548642751845577,];;[0.8597303632962059,];;[0.8597303632962059,];;[0.8678584602400834,];;[0.8721908000315388,];;[0.8758599350128066,];;[0.8758599350128066,];;[0.8816199372699581,];;[0.8816199372699581,];;[0.8900746423275953,];;[0.8946386417649771,];;[0.8964769497699471,];;[0.8964769497699471,];;[0.8964769497699471,];;[0.8964769497699471,];;[0.9018224276200205,];;[0.9018224276200205,];;[0.9032049237754893,];;[0.9032049237754893,];;[0.9032049237754893,];;[0.9032049237754893,];;[0.9032049237754893,];;[0.9032049237754893,];;[0.9032049237754893,];;[0.9032049237754893,];;[0.9070760674981628,];;[0.9070760674981628,];;[0.9070760674981628,];;[0.9070760674981628,];;[0.9070760674981628,];;[0.9070760674981628,];;[0.9070760674981628,];;[0.9070760674981628,];;[0.9070760674981628,];;[0.9070760674981628,];;[0.9070760674981628,];;[0.9070760674981628,];;[0.9070760674981628,];;[0.9070760674981628,];;[0.9070760674981628,];;[0.9070760674981628,];;[0.9070760674981628,];;[0.9070760674981628,];;[0.9135366791288645,];;[0.9135366791288645,];;[0.9135366791288645,];;[0.9135366791288645,];;[0.9135366791288645,];;[0.9135366791288645,];;[0.9135366791288645,];;[0.9135366791288645,];;[0.9135366791288645,];;[0.9135366791288645,];;[0.9135366791288645,];;[0.9135366791288645,];;[0.9135366791288645,];;[0.9135366791288645,];;[0.9135366791288645,];;[0.9135366791288645,];;[0.9135366791288645,];;[0.9135366791288645,];;[0.9170740833622111,];;[0.9239486929405121,];;[0.9239486929405121,];;[0.9239486929405121,];;[0.9239486929405121,];;[0.9239486929405121,];;[0.9239486929405121,];;[0.9239486929405121,];;[0.9239486929405121,];;[0.9239486929405121,];;[0.9239486929405121,];;[0.9239486929405121,];;[0.9239486929405121,];;[0.9239486929405121,];;[0.9239486929405121,];;[0.9239486929405121,];;[0.9239486929405121,];;[0.9260768030742127,];;[0.9260768030742127,];;[0.9260768030742127,];;[0.9260768030742127,];;[0.9260768030742127,];;[0.9260768030742127,];;];
