lya_avg_delay=[[0.9004071248000116,];[0.9787358234000014,];[1.5101060986000217,];[2.032191973000098,];[2.53794210900008,];[3.091830684000112,];[3.4986557046000466,];[4.462555438000394,];[5.167035040400512,];[5.085151227200261,];[5.794448454600481,];[6.349318313000442,];[6.947962950800456,];[7.431679857235529,];[8.048372076229835,];[8.866471001444982,];[8.91215946424469,];[9.86546925163806,];[10.111841339037507,];[10.596572398239866,];[12.00875668743959,];[11.673746327239419,];[11.954541870436898,];[13.271502208642149,];[13.380442211239785,];[13.573564101642798,];[14.87125466963237,];[15.139156632037219,];[15.71032734503873,];[15.71032734503873,];[16.123919903237397,];[17.842022313836786,];[17.828125004637798,];[17.68567865243385,];[18.303925451440016,];[18.950380487840636,];[19.581666119442268,];[19.946473510040406,];[20.09273115944141,];[21.47950740943409,];[21.82270420983827,];[23.067362571832565,];[23.57881338223776,];[23.811334851234964,];[23.800568596438566,];[24.280815577638894,];[25.392222053233322,];[25.72430392883555,];[26.049005431634477,];[25.942951752634137,];[27.021841325430998,];[27.597710914634035,];[28.020791033832314,];[28.988325758831465,];[28.988325758831465,];[28.98931664823071,];[30.052526776633425,];[30.052526776633425,];[30.147886543432197,];[31.638299801233078,];[32.1042994526334,];[32.11653259663238,];[32.69778942623527,];[32.69778942623527,];[33.93230058663406,];[34.62039363263565,];[35.851520760434305,];[35.700378491034705,];[35.88965801623534,];[35.9122835872349,];[37.60859119423412,];[37.96677346143387,];[37.939192086232964,];[37.83297409063467,];[38.730719165033385,];[38.39978597123269,];[40.00129570363396,];[40.00129570363396,];[40.31956781643399,];[41.62490417723241,];[41.82936582023388,];[42.4427169342265,];[42.053834033633066,];[42.053834033633066,];[43.88121360523879,];[44.38157366383435,];[44.95559721143352,];[45.8049060432379,];[46.66070280943418,];[46.55362469103378,];[47.56515161503419,];[47.725122981636986,];[48.886622595033586,];[47.96150985763293,];[49.2560296102324,];[49.77226539703382,];[50.70745139443268,];[50.670376614833714,];[49.87126926763328,];[51.7383642198399,];[52.38740805283346,];];
lya_avg_quality=[[8549.58416400004,];[8131.604458000047,];[6273.522490000106,];[5686.912882000061,];[5504.272644000046,];[5487.581560000064,];[5493.447202000052,];[5472.806528000031,];[5441.155856000069,];[5454.906820000099,];[5402.153628000054,];[5422.218748000067,];[5419.676452000088,];[5381.493222000083,];[5374.6019440000555,];[5369.704266000043,];[5363.563344000055,];[5351.827824000057,];[5356.673654000066,];[5334.796400000053,];[5368.894162000038,];[5346.938152000048,];[5332.796242000049,];[5344.138218000044,];[5348.3948080000455,];[5333.375806000042,];[5345.588674000051,];[5339.2099900000485,];[5331.62831600004,];[5331.62831600004,];[5327.8924500000485,];[5330.9011620000465,];[5322.221588000042,];[5329.965684000037,];[5307.948062000035,];[5314.4418100000385,];[5324.905798000051,];[5318.992536000044,];[5309.50863200004,];[5321.550716000038,];[5319.725840000038,];[5315.929570000057,];[5328.729784000052,];[5322.238856000043,];[5319.884850000038,];[5314.222732000038,];[5317.148976000045,];[5312.291862000036,];[5312.726514000035,];[5311.047758000036,];[5298.680634000029,];[5311.076172000042,];[5298.317430000035,];[5298.54677200003,];[5298.54677200003,];[5298.484304000029,];[5297.969348000033,];[5297.969348000033,];[5298.748432000033,];[5297.964504000032,];[5297.736788000035,];[5298.158108000035,];[5297.369826000038,];[5297.369826000038,];[5297.842484000038,];[5297.284340000038,];[5298.14394800004,];[5298.224598000039,];[5297.48526800004,];[5297.51224400004,];[5298.15402200004,];[5297.324074000039,];[5297.167822000039,];[5297.2453860000405,];[5297.298294000042,];[5297.349244000042,];[5297.211798000039,];[5297.211798000039,];[5297.884030000045,];[5297.8030000000435,];[5297.116480000039,];[5298.606974000042,];[5297.170184000042,];[5297.170184000042,];[5297.237500000044,];[5298.024798000043,];[5297.012456000042,];[5297.235272000041,];[5298.027206000034,];[5296.8549360000425,];[5296.897814000038,];[5296.957206000041,];[5296.730034000042,];[5296.816664000043,];[5297.560242000037,];[5296.678792000042,];[5296.6458120000425,];[5296.759290000043,];[5296.717696000042,];[5296.671724000042,];[5296.519762000043,];];
lya_avg_qlen=[[0.45469,];;[0.49415,];;[0.75923,];;[1.0207,];;[1.27511,];;[1.55127,];;[1.75543,];;[2.23692,];;[2.58622,];;[2.54715,];;[2.90213,];;[3.18152,];;[3.4791,];;[3.72217,];;[4.02921,];;[4.43869,];;[4.46052,];;[4.93979,];;[5.06089,];;[5.302,];;[6.00877,];;[5.84355,];;[5.98205,];;[6.63971,];;[6.69462,];;[6.79091,];;[7.4392,];;[7.57241,];;[7.86011,];;[7.86011,];;[8.06556,];;[8.92253,];;[8.91527,];;[8.84713,];;[9.15551,];;[9.47727,];;[9.79445,];;[9.97309,];;[10.04709,];;[10.73878,];;[10.9106,];;[11.5318,];;[11.79368,];;[11.90338,];;[11.89807,];;[12.13797,];;[12.69573,];;[12.85952,];;[13.02228,];;[12.96801,];;[13.50488,];;[13.79115,];;[14.00735,];;[14.48383,];;[14.48383,];;[14.48297,];;[15.01268,];;[15.01268,];;[15.06012,];;[15.80956,];;[16.04064,];;[16.03826,];;[16.32873,];;[16.32873,];;[16.94571,];;[17.28798,];;[17.89862,];;[17.82466,];;[17.91714,];;[17.92994,];;[18.77438,];;[18.94985,];;[18.93765,];;[18.88419,];;[19.32998,];;[19.16578,];;[19.96323,];;[19.96323,];;[20.12056,];;[20.77517,];;[20.87417,];;[21.1747,];;[20.98372,];;[20.98372,];;[21.89801,];;[22.14515,];;[22.42809,];;[22.8537,];;[23.27311,];;[23.22105,];;[23.72553,];;[23.80389,];;[24.38084,];;[23.92137,];;[24.56503,];;[24.82116,];;[25.28799,];;[25.27268,];;[24.87058,];;[25.79677,];;[26.11961,];;];
lya_avg_qbacklog=[[0.21318337215524338,];;[0.26040223013629193,];;[0.6601200711050317,];;[1.3921245551847012,];;[2.122462142637051,];;[3.000164511005786,];;[3.6693724994036088,];;[5.164157666314539,];;[6.22674537263777,];;[6.167808402010887,];;[7.234129016593182,];;[8.117020446949287,];;[9.113155853213241,];;[9.751590538090287,];;[10.735491594694773,];;[11.956892881709656,];;[12.056804550549476,];;[13.49490125015293,];;[13.880704858892146,];;[14.669746653634501,];;[16.86433239538451,];;[16.316995409964285,];;[16.799591645431782,];;[18.81419469577697,];;[18.990364897194368,];;[19.24848454424777,];;[21.42331283175701,];;[21.770165823972008,];;[22.66436984164355,];;[22.66436984164355,];;[23.31955343490197,];;[25.970465264861545,];;[25.93453484904281,];;[25.73463464539899,];;[26.574046346674912,];;[27.61629512082541,];;[28.710711406097115,];;[29.202952094675073,];;[29.355340280605777,];;[31.584801973098884,];;[32.106326646662744,];;[34.03031468434749,];;[34.93962697309237,];;[35.22080243309964,];;[35.17186547498354,];;[35.86121836270369,];;[37.64241882835828,];;[38.1214085225201,];;[38.62373392435908,];;[38.449896629528894,];;[40.008521429945475,];;[41.014868440358526,];;[41.57188969811714,];;[43.04699989805632,];;[43.04699989805632,];;[43.04286374993546,];;[44.693821111187965,];;[44.693821111187965,];;[44.783048943056514,];;[47.164141627117495,];;[47.884496429007996,];;[47.839203961386644,];;[48.78021108614034,];;[48.78021108614034,];;[50.655511703158616,];;[51.75725215265024,];;[53.5779734668591,];;[53.328034228249315,];;[53.676700253260194,];;[53.71599079942966,];;[56.272853463838075,];;[56.88919786695897,];;[56.85672099901734,];;[56.68347626908956,];;[57.97531669912882,];;[57.46400972675719,];;[60.03730018548834,];;[60.03730018548834,];;[60.42514003330911,];;[62.51357571139743,];;[62.865754690758884,];;[63.694299931591324,];;[63.10650090086766,];;[63.10650090086766,];;[66.03925815482312,];;[66.71600454567842,];;[67.59010033239889,];;[68.99474954239209,];;[70.21913311637928,];;[70.05274633228761,];;[71.69590705299859,];;[71.94823114569142,];;[73.65211167450059,];;[72.22689332742718,];;[74.24559419090731,];;[75.02354506684797,];;[76.46407266387646,];;[76.422173489929,];;[75.17149744481871,];;[78.14824898503367,];;[79.05124340092775,];;];
