lya_avg_delay=[[0.9008457428000102,];[0.9777805948000016,];[1.471842817600014,];[1.743948468800017,];[1.89272710960002,];[1.9948529488000128,];[2.1114563436000093,];[2.249871967600017,];[2.3981251720000154,];[2.4751946252000145,];[2.553027165600005,];[2.6346897440000068,];[2.6572438952000037,];[2.679271720000008,];[2.712417291200008,];[2.7383469656000066,];[2.7637625132000077,];[2.8697891584000117,];[2.8884765880000116,];[2.8884765880000116,];[2.907967096000012,];[2.9182421524000115,];[2.9272007104000104,];[2.9272007104000104,];[2.94286652720001,];[2.94286652720001,];[2.9608610996000144,];[2.974124750000016,];[2.9799631784000167,];[2.9799631784000167,];[2.9799631784000167,];[2.9799631784000167,];[2.991257936000015,];[2.991257936000015,];[2.9959278152000155,];[2.9959278152000155,];[2.9959278152000155,];[2.9959278152000155,];[2.9959278152000155,];[2.9959278152000155,];[2.9959278152000155,];[2.9959278152000155,];[3.0044383340000125,];[3.0044383340000125,];[3.0044383340000125,];[3.0044383340000125,];[3.0044383340000125,];[3.0044383340000125,];[3.0044383340000125,];[3.0044383340000125,];[3.0044383340000125,];[3.0044383340000125,];[3.0044383340000125,];[3.0044383340000125,];[3.0044383340000125,];[3.0044383340000125,];[3.0044383340000125,];[3.0044383340000125,];[3.0044383340000125,];[3.0044383340000125,];[3.0164676084000157,];[3.0164676084000157,];[3.0164676084000157,];[3.0164676084000157,];[3.0164676084000157,];[3.0164676084000157,];[3.0164676084000157,];[3.0164676084000157,];[3.0164676084000157,];[3.0164676084000157,];[3.0164676084000157,];[3.0164676084000157,];[3.0164676084000157,];[3.0164676084000157,];[3.0164676084000157,];[3.0164676084000157,];[3.0164676084000157,];[3.0164676084000157,];[3.0239642976000156,];[3.0363228060000167,];[3.0363228060000167,];[3.0363228060000167,];[3.0363228060000167,];[3.0363228060000167,];[3.0363228060000167,];[3.0363228060000167,];[3.0363228060000167,];[3.0363228060000167,];[3.0363228060000167,];[3.0363228060000167,];[3.0363228060000167,];[3.0363228060000167,];[3.0363228060000167,];[3.0363228060000167,];[3.0363228060000167,];[3.042902769600017,];[3.042902769600017,];[3.042902769600017,];[3.042902769600017,];[3.042902769600017,];[3.042902769600017,];];
lya_avg_quality=[[8555.853752000023,];[8138.033224000005,];[6282.467967999969,];[5618.246235999958,];[5374.7644279999595,];[5322.825295999974,];[5279.3582879999685,];[5246.348655999985,];[5220.800307999985,];[5206.467663999979,];[5194.239935999986,];[5181.110775999981,];[5177.9410359999865,];[5175.152779999994,];[5170.958903999995,];[5167.938767999991,];[5165.0230919999885,];[5155.814855999992,];[5155.050455999992,];[5155.050455999992,];[5153.29070799999,];[5152.3480599999875,];[5151.627927999988,];[5151.627927999988,];[5150.527063999986,];[5150.527063999986,];[5149.749811999988,];[5148.908215999988,];[5148.575827999989,];[5148.575827999989,];[5148.575827999989,];[5148.575827999989,];[5147.930119999986,];[5147.930119999986,];[5147.724235999987,];[5147.724235999987,];[5147.724235999987,];[5147.724235999987,];[5147.724235999987,];[5147.724235999987,];[5147.724235999987,];[5147.724235999987,];[5147.400835999987,];[5147.400835999987,];[5147.400835999987,];[5147.400835999987,];[5147.400835999987,];[5147.400835999987,];[5147.400835999987,];[5147.400835999987,];[5147.400835999987,];[5147.400835999987,];[5147.400835999987,];[5147.400835999987,];[5147.400835999987,];[5147.400835999987,];[5147.400835999987,];[5147.400835999987,];[5147.400835999987,];[5147.400835999987,];[5147.068635999987,];[5147.068635999987,];[5147.068635999987,];[5147.068635999987,];[5147.068635999987,];[5147.068635999987,];[5147.068635999987,];[5147.068635999987,];[5147.068635999987,];[5147.068635999987,];[5147.068635999987,];[5147.068635999987,];[5147.068635999987,];[5147.068635999987,];[5147.068635999987,];[5147.068635999987,];[5147.068635999987,];[5147.068635999987,];[5146.925499999984,];[5146.652751999984,];[5146.652751999984,];[5146.652751999984,];[5146.652751999984,];[5146.652751999984,];[5146.652751999984,];[5146.652751999984,];[5146.652751999984,];[5146.652751999984,];[5146.652751999984,];[5146.652751999984,];[5146.652751999984,];[5146.652751999984,];[5146.652751999984,];[5146.652751999984,];[5146.652751999984,];[5146.537671999987,];[5146.537671999987,];[5146.537671999987,];[5146.537671999987,];[5146.537671999987,];[5146.537671999987,];];
lya_avg_qlen=[[0.22746,];;[0.24677,];;[0.37011,];;[0.43855,];;[0.47566,];;[0.50149,];;[0.53023,];;[0.56546,];;[0.60284,];;[0.62171,];;[0.64093,];;[0.66157,];;[0.66724,];;[0.67296,];;[0.681,];;[0.6873,];;[0.69352,];;[0.71985,];;[0.72447,];;[0.72447,];;[0.72941,];;[0.73193,];;[0.73424,];;[0.73424,];;[0.7381,];;[0.7381,];;[0.74314,];;[0.74671,];;[0.74818,];;[0.74818,];;[0.74818,];;[0.74818,];;[0.75112,];;[0.75112,];;[0.75238,];;[0.75238,];;[0.75238,];;[0.75238,];;[0.75238,];;[0.75238,];;[0.75238,];;[0.75238,];;[0.75448,];;[0.75448,];;[0.75448,];;[0.75448,];;[0.75448,];;[0.75448,];;[0.75448,];;[0.75448,];;[0.75448,];;[0.75448,];;[0.75448,];;[0.75448,];;[0.75448,];;[0.75448,];;[0.75448,];;[0.75448,];;[0.75448,];;[0.75448,];;[0.75756,];;[0.75756,];;[0.75756,];;[0.75756,];;[0.75756,];;[0.75756,];;[0.75756,];;[0.75756,];;[0.75756,];;[0.75756,];;[0.75756,];;[0.75756,];;[0.75756,];;[0.75756,];;[0.75756,];;[0.75756,];;[0.75756,];;[0.75756,];;[0.75945,];;[0.7626,];;[0.7626,];;[0.7626,];;[0.7626,];;[0.7626,];;[0.7626,];;[0.7626,];;[0.7626,];;[0.7626,];;[0.7626,];;[0.7626,];;[0.7626,];;[0.7626,];;[0.7626,];;[0.7626,];;[0.7626,];;[0.76428,];;[0.76428,];;[0.76428,];;[0.76428,];;[0.76428,];;[0.76428,];;];
lya_avg_qbacklog=[[0.10669690601010787,];;[0.12900892784455192,];;[0.29761099870436797,];;[0.4168249256767192,];;[0.4919553781436105,];;[0.5555651592589882,];;[0.6475485200761105,];;[0.7452517194158356,];;[0.8562618667878938,];;[0.9030192353110923,];;[0.963889004487419,];;[1.0149935558687244,];;[1.0307406542436142,];;[1.042393726908797,];;[1.0598905805234777,];;[1.0791180725657639,];;[1.0961790031468013,];;[1.177029431219854,];;[1.1902799769801633,];;[1.1902799769801633,];;[1.200540555228627,];;[1.2059001840483472,];;[1.2104263714080814,];;[1.2104263714080814,];;[1.2176927979411278,];;[1.2176927979411278,];;[1.2337149445867341,];;[1.2394510664105887,];;[1.24172641486455,];;[1.24172641486455,];;[1.24172641486455,];;[1.24172641486455,];;[1.2483383526525957,];;[1.2483383526525957,];;[1.250049739267214,];;[1.250049739267214,];;[1.250049739267214,];;[1.250049739267214,];;[1.250049739267214,];;[1.250049739267214,];;[1.250049739267214,];;[1.250049739267214,];;[1.2548382960584556,];;[1.2548382960584556,];;[1.2548382960584556,];;[1.2548382960584556,];;[1.2548382960584556,];;[1.2548382960584556,];;[1.2548382960584556,];;[1.2548382960584556,];;[1.2548382960584556,];;[1.2548382960584556,];;[1.2548382960584556,];;[1.2548382960584556,];;[1.2548382960584556,];;[1.2548382960584556,];;[1.2548382960584556,];;[1.2548382960584556,];;[1.2548382960584556,];;[1.2548382960584556,];;[1.263199891674507,];;[1.263199891674507,];;[1.263199891674507,];;[1.263199891674507,];;[1.263199891674507,];;[1.263199891674507,];;[1.263199891674507,];;[1.263199891674507,];;[1.263199891674507,];;[1.263199891674507,];;[1.263199891674507,];;[1.263199891674507,];;[1.263199891674507,];;[1.263199891674507,];;[1.263199891674507,];;[1.263199891674507,];;[1.263199891674507,];;[1.263199891674507,];;[1.2675754010765667,];;[1.2761274872627673,];;[1.2761274872627673,];;[1.2761274872627673,];;[1.2761274872627673,];;[1.2761274872627673,];;[1.2761274872627673,];;[1.2761274872627673,];;[1.2761274872627673,];;[1.2761274872627673,];;[1.2761274872627673,];;[1.2761274872627673,];;[1.2761274872627673,];;[1.2761274872627673,];;[1.2761274872627673,];;[1.2761274872627673,];;[1.2761274872627673,];;[1.278751721375352,];;[1.278751721375352,];;[1.278751721375352,];;[1.278751721375352,];;[1.278751721375352,];;[1.278751721375352,];;];
