lya_avg_delay=[[0.8991375728417428,];[0.9772450098920916,];[1.4702844406474984,];[1.739296982014411,];[1.8826948066547002,];[1.9782227562949823,];[2.0723340611510928,];[2.199782336330956,];[2.31109962949642,];[2.3864352967626057,];[2.451848067446055,];[2.5301027580935402,];[2.5518340188849034,];[2.5733293767985757,];[2.606835410071957,];[2.633165813848933,];[2.658333145683467,];[2.7414660233813035,];[2.7501247922661944,];[2.7501247922661944,];[2.7705400350719516,];[2.781540223920871,];[2.7901719280575605,];[2.7901719280575605,];[2.8065910737410134,];[2.8065910737410134,];[2.818627618705043,];[2.8314073435251887,];[2.837657802158283,];[2.837657802158283,];[2.837657802158283,];[2.837657802158283,];[2.8497496546762666,];[2.8497496546762666,];[2.8542491528777068,];[2.8542491528777068,];[2.8542491528777068,];[2.8542491528777068,];[2.8542491528777068,];[2.8542491528777068,];[2.8542491528777068,];[2.8542491528777068,];[2.863360276978423,];[2.863360276978423,];[2.863360276978423,];[2.863360276978423,];[2.863360276978423,];[2.863360276978423,];[2.863360276978423,];[2.863360276978423,];[2.863360276978423,];[2.863360276978423,];[2.863360276978423,];[2.863360276978423,];[2.863360276978423,];[2.863360276978423,];[2.863360276978423,];[2.863360276978423,];[2.863360276978423,];[2.863360276978423,];[2.875653109712239,];[2.875653109712239,];[2.875653109712239,];[2.875653109712239,];[2.875653109712239,];[2.875653109712239,];[2.875653109712239,];[2.875653109712239,];[2.875653109712239,];[2.875653109712239,];[2.875653109712239,];[2.875653109712239,];[2.875653109712239,];[2.875653109712239,];[2.875653109712239,];[2.875653109712239,];[2.875653109712239,];[2.875653109712239,];[2.8836788561151168,];[2.8955864631295056,];[2.8955864631295056,];[2.8955864631295056,];[2.8955864631295056,];[2.8955864631295056,];[2.8955864631295056,];[2.8955864631295056,];[2.8955864631295056,];[2.8955864631295056,];[2.8955864631295056,];[2.8955864631295056,];[2.8955864631295056,];[2.8955864631295056,];[2.8955864631295056,];[2.8955864631295056,];[2.8955864631295056,];[2.901926356115117,];[2.901926356115117,];[2.901926356115117,];[2.901926356115117,];[2.901926356115117,];[2.901926356115117,];];
lya_avg_quality=[[8518.133812949645,];[8094.1830305755375,];[6242.683902877701,];[5586.810989208632,];[5346.569721223024,];[5295.751978417267,];[5252.44726618705,];[5219.14683453238,];[5193.589262589937,];[5178.916465827348,];[5166.865278776992,];[5153.913669064762,];[5150.859577338142,];[5148.1401888489345,];[5143.894316546774,];[5140.840314748211,];[5137.957482014399,];[5128.92303057555,];[5128.186519784183,];[5128.186519784183,];[5126.342904676267,];[5125.3337320143955,];[5124.639874100727,];[5124.639874100727,];[5123.485287769791,];[5123.485287769791,];[5122.7363938848985,];[5121.925503597126,];[5121.569658273388,];[5121.569658273388,];[5121.569658273388,];[5121.569658273388,];[5120.878381294971,];[5120.878381294971,];[5120.680008992812,];[5120.680008992812,];[5120.680008992812,];[5120.680008992812,];[5120.680008992812,];[5120.680008992812,];[5120.680008992812,];[5120.680008992812,];[5120.33378597123,];[5120.33378597123,];[5120.33378597123,];[5120.33378597123,];[5120.33378597123,];[5120.33378597123,];[5120.33378597123,];[5120.33378597123,];[5120.33378597123,];[5120.33378597123,];[5120.33378597123,];[5120.33378597123,];[5120.33378597123,];[5120.33378597123,];[5120.33378597123,];[5120.33378597123,];[5120.33378597123,];[5120.33378597123,];[5119.994307553963,];[5119.994307553963,];[5119.994307553963,];[5119.994307553963,];[5119.994307553963,];[5119.994307553963,];[5119.994307553963,];[5119.994307553963,];[5119.994307553963,];[5119.994307553963,];[5119.994307553963,];[5119.994307553963,];[5119.994307553963,];[5119.994307553963,];[5119.994307553963,];[5119.994307553963,];[5119.994307553963,];[5119.994307553963,];[5119.841070143892,];[5119.578273381302,];[5119.578273381302,];[5119.578273381302,];[5119.578273381302,];[5119.578273381302,];[5119.578273381302,];[5119.578273381302,];[5119.578273381302,];[5119.578273381302,];[5119.578273381302,];[5119.578273381302,];[5119.578273381302,];[5119.578273381302,];[5119.578273381302,];[5119.578273381302,];[5119.578273381302,];[5119.467392086338,];[5119.467392086338,];[5119.467392086338,];[5119.467392086338,];[5119.467392086338,];[5119.467392086338,];];
lya_avg_qlen=[[0.10095,];;[0.10967,];;[0.16443,];;[0.19452,];;[0.21027,];;[0.22095,];;[0.23123,];;[0.24577,];;[0.25829,];;[0.2664,];;[0.27362,];;[0.28242,];;[0.28476,];;[0.28724,];;[0.29086,];;[0.29356,];;[0.2963,];;[0.3055,];;[0.3064,];;[0.3064,];;[0.3087,];;[0.3099,];;[0.31089,];;[0.31089,];;[0.31269,];;[0.31269,];;[0.31404,];;[0.31557,];;[0.31627,];;[0.31627,];;[0.31627,];;[0.31627,];;[0.31767,];;[0.31767,];;[0.31821,];;[0.31821,];;[0.31821,];;[0.31821,];;[0.31821,];;[0.31821,];;[0.31821,];;[0.31821,];;[0.31921,];;[0.31921,];;[0.31921,];;[0.31921,];;[0.31921,];;[0.31921,];;[0.31921,];;[0.31921,];;[0.31921,];;[0.31921,];;[0.31921,];;[0.31921,];;[0.31921,];;[0.31921,];;[0.31921,];;[0.31921,];;[0.31921,];;[0.31921,];;[0.32061,];;[0.32061,];;[0.32061,];;[0.32061,];;[0.32061,];;[0.32061,];;[0.32061,];;[0.32061,];;[0.32061,];;[0.32061,];;[0.32061,];;[0.32061,];;[0.32061,];;[0.32061,];;[0.32061,];;[0.32061,];;[0.32061,];;[0.32061,];;[0.32151,];;[0.32286,];;[0.32286,];;[0.32286,];;[0.32286,];;[0.32286,];;[0.32286,];;[0.32286,];;[0.32286,];;[0.32286,];;[0.32286,];;[0.32286,];;[0.32286,];;[0.32286,];;[0.32286,];;[0.32286,];;[0.32286,];;[0.32358,];;[0.32358,];;[0.32358,];;[0.32358,];;[0.32358,];;[0.32358,];;];
lya_avg_qbacklog=[[0.04730479473100103,];;[0.05731335883049796,];;[0.13199503365231666,];;[0.18440597026929922,];;[0.2160581175725671,];;[0.24216476496842634,];;[0.27403240865465,];;[0.313128383149152,];;[0.34620890208380334,];;[0.3660231313272607,];;[0.3878983773059374,];;[0.4093255782571569,];;[0.41608298434763674,];;[0.4211008093579586,];;[0.4289966605713996,];;[0.4373850290805736,];;[0.44487068456802675,];;[0.4707313631170289,];;[0.4733094153629209,];;[0.4733094153629209,];;[0.47807061790211525,];;[0.48060825994633494,];;[0.4825526252222506,];;[0.4825526252222506,];;[0.4859347843235437,];;[0.4859347843235437,];;[0.4904134290875683,];;[0.49287853418099076,];;[0.49396070953756954,];;[0.49396070953756954,];;[0.49396070953756954,];;[0.49396070953756954,];;[0.4970932440308728,];;[0.4970932440308728,];;[0.49782351864884805,];;[0.49782351864884805,];;[0.49782351864884805,];;[0.49782351864884805,];;[0.49782351864884805,];;[0.49782351864884805,];;[0.49782351864884805,];;[0.49782351864884805,];;[0.5001018539638061,];;[0.5001018539638061,];;[0.5001018539638061,];;[0.5001018539638061,];;[0.5001018539638061,];;[0.5001018539638061,];;[0.5001018539638061,];;[0.5001018539638061,];;[0.5001018539638061,];;[0.5001018539638061,];;[0.5001018539638061,];;[0.5001018539638061,];;[0.5001018539638061,];;[0.5001018539638061,];;[0.5001018539638061,];;[0.5001018539638061,];;[0.5001018539638061,];;[0.5001018539638061,];;[0.5039038219377817,];;[0.5039038219377817,];;[0.5039038219377817,];;[0.5039038219377817,];;[0.5039038219377817,];;[0.5039038219377817,];;[0.5039038219377817,];;[0.5039038219377817,];;[0.5039038219377817,];;[0.5039038219377817,];;[0.5039038219377817,];;[0.5039038219377817,];;[0.5039038219377817,];;[0.5039038219377817,];;[0.5039038219377817,];;[0.5039038219377817,];;[0.5039038219377817,];;[0.5039038219377817,];;[0.5059856979131803,];;[0.5096277934277967,];;[0.5096277934277967,];;[0.5096277934277967,];;[0.5096277934277967,];;[0.5096277934277967,];;[0.5096277934277967,];;[0.5096277934277967,];;[0.5096277934277967,];;[0.5096277934277967,];;[0.5096277934277967,];;[0.5096277934277967,];;[0.5096277934277967,];;[0.5096277934277967,];;[0.5096277934277967,];;[0.5096277934277967,];;[0.5096277934277967,];;[0.5107558223148713,];;[0.5107558223148713,];;[0.5107558223148713,];;[0.5107558223148713,];;[0.5107558223148713,];;[0.5107558223148713,];;];
