lya_avg_delay=[[0.9013333876837045,];[0.9775046011196645,];[1.4718578257522894,];[1.7457411217634895,];[1.8923018887334002,];[1.989170860042,];[2.0840779195241526,];[2.209782850244943,];[2.321074914625626,];[2.3952462120364033,];[2.461683706787973,];[2.5406336382085493,];[2.563181025192452,];[2.58499118894333,];[2.617898237228845,];[2.6438201350594936,];[2.6696243841847576,];[2.754002699090281,];[2.762986651504556,];[2.762986651504556,];[2.7820504023792947,];[2.792322377186851,];[2.8012782484254783,];[2.8012782484254783,];[2.8166104443666953,];[2.8166104443666953,];[2.829099026592028,];[2.8423586990902807,];[2.848195376487062,];[2.848195376487062,];[2.848195376487062,];[2.848195376487062,];[2.8594867466760037,];[2.8594867466760037,];[2.8641552253324076,];[2.8641552253324076,];[2.8641552253324076,];[2.8641552253324076,];[2.8641552253324076,];[2.8641552253324076,];[2.8641552253324076,];[2.8641552253324076,];[2.8726631917424816,];[2.8726631917424816,];[2.8726631917424816,];[2.8726631917424816,];[2.8726631917424816,];[2.8726631917424816,];[2.8726631917424816,];[2.8726631917424816,];[2.8726631917424816,];[2.8726631917424816,];[2.8726631917424816,];[2.8726631917424816,];[2.8726631917424816,];[2.8726631917424816,];[2.8726631917424816,];[2.8726631917424816,];[2.8726631917424816,];[2.8726631917424816,];[2.8850988243527023,];[2.8850988243527023,];[2.8850988243527023,];[2.8850988243527023,];[2.8850988243527023,];[2.8850988243527023,];[2.8850988243527023,];[2.8850988243527023,];[2.8850988243527023,];[2.8850988243527023,];[2.8850988243527023,];[2.8850988243527023,];[2.8850988243527023,];[2.8850988243527023,];[2.8850988243527023,];[2.8850988243527023,];[2.8850988243527023,];[2.8850988243527023,];[2.892593265220442,];[2.9049480671798547,];[2.9049480671798547,];[2.9049480671798547,];[2.9049480671798547,];[2.9049480671798547,];[2.9049480671798547,];[2.9049480671798547,];[2.9049480671798547,];[2.9049480671798547,];[2.9049480671798547,];[2.9049480671798547,];[2.9049480671798547,];[2.9049480671798547,];[2.9049480671798547,];[2.9049480671798547,];[2.9049480671798547,];[2.911526057382794,];[2.911526057382794,];[2.911526057382794,];[2.911526057382794,];[2.911526057382794,];[2.911526057382794,];];
lya_avg_quality=[[8566.440916724976,];[8153.170069978992,];[6297.157522743176,];[5629.573946815954,];[5384.1222463261,];[5332.198691392576,];[5289.603645906223,];[5256.760216934923,];[5231.219531140666,];[5216.785395381395,];[5204.540867739694,];[5191.4499510147125,];[5188.28116165152,];[5185.519314205757,];[5181.352316305124,];[5178.333086074193,];[5175.375367389798,];[5166.212631210655,];[5165.448460461879,];[5165.448460461879,];[5163.726892932135,];[5162.784527641721,];[5162.06461161653,];[5162.06461161653,];[5160.9864590622965,];[5160.9864590622965,];[5160.209440167963,];[5159.36809657104,];[5159.035808257537,];[5159.035808257537,];[5159.035808257537,];[5159.035808257537,];[5158.390293911841,];[5158.390293911841,];[5158.184471658517,];[5158.184471658517,];[5158.184471658517,];[5158.184471658517,];[5158.184471658517,];[5158.184471658517,];[5158.184471658517,];[5158.184471658517,];[5157.86116864942,];[5157.86116864942,];[5157.86116864942,];[5157.86116864942,];[5157.86116864942,];[5157.86116864942,];[5157.86116864942,];[5157.86116864942,];[5157.86116864942,];[5157.86116864942,];[5157.86116864942,];[5157.86116864942,];[5157.86116864942,];[5157.86116864942,];[5157.86116864942,];[5157.86116864942,];[5157.86116864942,];[5157.86116864942,];[5157.5177466760115,];[5157.5177466760115,];[5157.5177466760115,];[5157.5177466760115,];[5157.5177466760115,];[5157.5177466760115,];[5157.5177466760115,];[5157.5177466760115,];[5157.5177466760115,];[5157.5177466760115,];[5157.5177466760115,];[5157.5177466760115,];[5157.5177466760115,];[5157.5177466760115,];[5157.5177466760115,];[5157.5177466760115,];[5157.5177466760115,];[5157.5177466760115,];[5157.374653603933,];[5157.101987403794,];[5157.101987403794,];[5157.101987403794,];[5157.101987403794,];[5157.101987403794,];[5157.101987403794,];[5157.101987403794,];[5157.101987403794,];[5157.101987403794,];[5157.101987403794,];[5157.101987403794,];[5157.101987403794,];[5157.101987403794,];[5157.101987403794,];[5157.101987403794,];[5157.101987403794,];[5156.986941917442,];[5156.986941917442,];[5156.986941917442,];[5156.986941917442,];[5156.986941917442,];[5156.986941917442,];];
lya_avg_qlen=[[0.13008,];;[0.141,];;[0.21155,];;[0.25092,];;[0.2718,];;[0.28572,];;[0.29904,];;[0.31748,];;[0.33356,];;[0.34382,];;[0.35324,];;[0.36464,];;[0.36776,];;[0.371,];;[0.37556,];;[0.37916,];;[0.38277,];;[0.39477,];;[0.39597,];;[0.39597,];;[0.39873,];;[0.40017,];;[0.40149,];;[0.40149,];;[0.40365,];;[0.40365,];;[0.40545,];;[0.40749,];;[0.40833,];;[0.40833,];;[0.40833,];;[0.40833,];;[0.41001,];;[0.41001,];;[0.41073,];;[0.41073,];;[0.41073,];;[0.41073,];;[0.41073,];;[0.41073,];;[0.41073,];;[0.41073,];;[0.41193,];;[0.41193,];;[0.41193,];;[0.41193,];;[0.41193,];;[0.41193,];;[0.41193,];;[0.41193,];;[0.41193,];;[0.41193,];;[0.41193,];;[0.41193,];;[0.41193,];;[0.41193,];;[0.41193,];;[0.41193,];;[0.41193,];;[0.41193,];;[0.41375,];;[0.41375,];;[0.41375,];;[0.41375,];;[0.41375,];;[0.41375,];;[0.41375,];;[0.41375,];;[0.41375,];;[0.41375,];;[0.41375,];;[0.41375,];;[0.41375,];;[0.41375,];;[0.41375,];;[0.41375,];;[0.41375,];;[0.41375,];;[0.41483,];;[0.41663,];;[0.41663,];;[0.41663,];;[0.41663,];;[0.41663,];;[0.41663,];;[0.41663,];;[0.41663,];;[0.41663,];;[0.41663,];;[0.41663,];;[0.41663,];;[0.41663,];;[0.41663,];;[0.41663,];;[0.41663,];;[0.41759,];;[0.41759,];;[0.41759,];;[0.41759,];;[0.41759,];;[0.41759,];;];
lya_avg_qbacklog=[[0.0610688498719039,];;[0.07371838144526502,];;[0.17013469161606584,];;[0.23882421222331482,];;[0.28063273744619227,];;[0.3148874623961572,];;[0.35647499882821837,];;[0.4058502200586144,];;[0.4486749339582411,];;[0.4736904763137712,];;[0.5023264654107605,];;[0.530321438279804,];;[0.5393044628856768,];;[0.5459188032422101,];;[0.5558516471326803,];;[0.5668405321665525,];;[0.5767012535188462,];;[0.61041650790336,];;[0.6138539108974654,];;[0.6138539108974654,];;[0.6195900556968953,];;[0.6226474583612494,];;[0.6252292804452106,];;[0.6252292804452106,];;[0.6292940903867158,];;[0.6292940903867158,];;[0.6352656167380367,];;[0.6385420926584472,];;[0.6398393129851102,];;[0.6398393129851102,];;[0.6398393129851102,];;[0.6398393129851102,];;[0.6436118005185644,];;[0.6436118005185644,];;[0.6445873531354925,];;[0.6445873531354925,];;[0.6445873531354925,];;[0.6445873531354925,];;[0.6445873531354925,];;[0.6445873531354925,];;[0.6445873531354925,];;[0.6445873531354925,];;[0.6473193292005897,];;[0.6473193292005897,];;[0.6473193292005897,];;[0.6473193292005897,];;[0.6473193292005897,];;[0.6473193292005897,];;[0.6473193292005897,];;[0.6473193292005897,];;[0.6473193292005897,];;[0.6473193292005897,];;[0.6473193292005897,];;[0.6473193292005897,];;[0.6473193292005897,];;[0.6473193292005897,];;[0.6473193292005897,];;[0.6473193292005897,];;[0.6473193292005897,];;[0.6473193292005897,];;[0.6522646214920774,];;[0.6522646214920774,];;[0.6522646214920774,];;[0.6522646214920774,];;[0.6522646214920774,];;[0.6522646214920774,];;[0.6522646214920774,];;[0.6522646214920774,];;[0.6522646214920774,];;[0.6522646214920774,];;[0.6522646214920774,];;[0.6522646214920774,];;[0.6522646214920774,];;[0.6522646214920774,];;[0.6522646214920774,];;[0.6522646214920774,];;[0.6522646214920774,];;[0.6522646214920774,];;[0.6547700123676077,];;[0.6596114272095757,];;[0.6596114272095757,];;[0.6596114272095757,];;[0.6596114272095757,];;[0.6596114272095757,];;[0.6596114272095757,];;[0.6596114272095757,];;[0.6596114272095757,];;[0.6596114272095757,];;[0.6596114272095757,];;[0.6596114272095757,];;[0.6596114272095757,];;[0.6596114272095757,];;[0.6596114272095757,];;[0.6596114272095757,];;[0.6596114272095757,];;[0.6611076324352331,];;[0.6611076324352331,];;[0.6611076324352331,];;[0.6611076324352331,];;[0.6611076324352331,];;[0.6611076324352331,];;];
