lya_avg_delay=[[0.9012362225554998,];[0.9774150515896854,];[1.4722289184163329,];[1.74551978464309,];[1.8917292963407537,];[1.988607952609494,];[2.083524500899833,];[2.209164707258569,];[2.3204678986202927,];[2.3944639022195733,];[2.4613758074385252,];[2.5403336322735606,];[2.5628832735453035,];[2.5846956178764406,];[2.6176059562087746,];[2.6435304457108724,];[2.669205153569302,];[2.7544899916016905,];[2.763474842231564,];[2.763474842231564,];[2.782540499100191,];[2.79281350089983,];[2.8017702675464995,];[2.8017702675464995,];[2.817103996400728,];[2.817103996400728,];[2.829593827234562,];[2.842854825434923,];[2.8486920863827336,];[2.8486920863827336,];[2.8486920863827336,];[2.8486920863827336,];[2.8599845854829122,];[2.8599845854829122,];[2.864653530893831,];[2.864653530893831,];[2.864653530893831,];[2.864653530893831,];[2.864653530893831,];[2.864653530893831,];[2.864653530893831,];[2.864653530893831,];[2.8731623479304202,];[2.8731623479304202,];[2.8731623479304202,];[2.8731623479304202,];[2.8731623479304202,];[2.8731623479304202,];[2.8731623479304202,];[2.8731623479304202,];[2.8731623479304202,];[2.8731623479304202,];[2.8731623479304202,];[2.8731623479304202,];[2.8731623479304202,];[2.8731623479304202,];[2.8731623479304202,];[2.8731623479304202,];[2.8731623479304202,];[2.8731623479304202,];[2.885462554889032,];[2.885462554889032,];[2.885462554889032,];[2.885462554889032,];[2.885462554889032,];[2.885462554889032,];[2.885462554889032,];[2.885462554889032,];[2.885462554889032,];[2.885462554889032,];[2.885462554889032,];[2.885462554889032,];[2.885462554889032,];[2.885462554889032,];[2.885462554889032,];[2.885462554889032,];[2.885462554889032,];[2.885462554889032,];[2.8929577450509996,];[2.9053137822435624,];[2.9053137822435624,];[2.9053137822435624,];[2.9053137822435624,];[2.9053137822435624,];[2.9053137822435624,];[2.9053137822435624,];[2.9053137822435624,];[2.9053137822435624,];[2.9053137822435624,];[2.9053137822435624,];[2.9053137822435624,];[2.9053137822435624,];[2.9053137822435624,];[2.9053137822435624,];[2.9053137822435624,];[2.9118924301139884,];[2.9118924301139884,];[2.9118924301139884,];[2.9118924301139884,];[2.9118924301139884,];[2.9118924301139884,];];
lya_avg_quality=[[8563.726796640658,];[8150.4146310737615,];[6292.275998800229,];[5625.812813437298,];[5381.017612477495,];[5329.088866226743,];[5286.4895620875695,];[5253.662399520094,];[5228.119160167969,];[5213.718848230356,];[5201.388662267558,];[5188.29643671267,];[5185.127330533905,];[5182.365206958624,];[5178.197792441524,];[5175.178260347941,];[5172.234553089394,];[5162.9650509898165,];[5162.200803839247,];[5162.200803839247,];[5160.479064187175,];[5159.536604679074,];[5158.816616676678,];[5158.816616676678,];[5157.738356328748,];[5157.738356328748,];[5156.961259748063,];[5156.119832033603,];[5155.787510497913,];[5155.787510497913,];[5155.787510497913,];[5155.787510497913,];[5155.141931613691,];[5155.141931613691,];[5154.936088782258,];[5154.936088782258,];[5154.936088782258,];[5154.936088782258,];[5154.936088782258,];[5154.936088782258,];[5154.936088782258,];[5154.936088782258,];[5154.612753449324,];[5154.612753449324,];[5154.612753449324,];[5154.612753449324,];[5154.612753449324,];[5154.612753449324,];[5154.612753449324,];[5154.612753449324,];[5154.612753449324,];[5154.612753449324,];[5154.612753449324,];[5154.612753449324,];[5154.612753449324,];[5154.612753449324,];[5154.612753449324,];[5154.612753449324,];[5154.612753449324,];[5154.612753449324,];[5154.273071385737,];[5154.273071385737,];[5154.273071385737,];[5154.273071385737,];[5154.273071385737,];[5154.273071385737,];[5154.273071385737,];[5154.273071385737,];[5154.273071385737,];[5154.273071385737,];[5154.273071385737,];[5154.273071385737,];[5154.273071385737,];[5154.273071385737,];[5154.273071385737,];[5154.273071385737,];[5154.273071385737,];[5154.273071385737,];[5154.129964007212,];[5153.8572705459055,];[5153.8572705459055,];[5153.8572705459055,];[5153.8572705459055,];[5153.8572705459055,];[5153.8572705459055,];[5153.8572705459055,];[5153.8572705459055,];[5153.8572705459055,];[5153.8572705459055,];[5153.8572705459055,];[5153.8572705459055,];[5153.8572705459055,];[5153.8572705459055,];[5153.8572705459055,];[5153.8572705459055,];[5153.742213557305,];[5153.742213557305,];[5153.742213557305,];[5153.742213557305,];[5153.742213557305,];[5153.742213557305,];];
lya_avg_qlen=[[0.15172,];;[0.16446,];;[0.24683,];;[0.29266,];;[0.31696,];;[0.3332,];;[0.34874,];;[0.37024,];;[0.389,];;[0.40094,];;[0.41201,];;[0.42531,];;[0.42895,];;[0.43273,];;[0.43805,];;[0.44225,];;[0.44644,];;[0.46059,];;[0.46199,];;[0.46199,];;[0.46521,];;[0.46689,];;[0.46843,];;[0.46843,];;[0.47095,];;[0.47095,];;[0.47305,];;[0.47543,];;[0.47641,];;[0.47641,];;[0.47641,];;[0.47641,];;[0.47837,];;[0.47837,];;[0.47921,];;[0.47921,];;[0.47921,];;[0.47921,];;[0.47921,];;[0.47921,];;[0.47921,];;[0.47921,];;[0.48061,];;[0.48061,];;[0.48061,];;[0.48061,];;[0.48061,];;[0.48061,];;[0.48061,];;[0.48061,];;[0.48061,];;[0.48061,];;[0.48061,];;[0.48061,];;[0.48061,];;[0.48061,];;[0.48061,];;[0.48061,];;[0.48061,];;[0.48061,];;[0.48271,];;[0.48271,];;[0.48271,];;[0.48271,];;[0.48271,];;[0.48271,];;[0.48271,];;[0.48271,];;[0.48271,];;[0.48271,];;[0.48271,];;[0.48271,];;[0.48271,];;[0.48271,];;[0.48271,];;[0.48271,];;[0.48271,];;[0.48271,];;[0.48397,];;[0.48607,];;[0.48607,];;[0.48607,];;[0.48607,];;[0.48607,];;[0.48607,];;[0.48607,];;[0.48607,];;[0.48607,];;[0.48607,];;[0.48607,];;[0.48607,];;[0.48607,];;[0.48607,];;[0.48607,];;[0.48607,];;[0.48719,];;[0.48719,];;[0.48719,];;[0.48719,];;[0.48719,];;[0.48719,];;];
lya_avg_qbacklog=[[0.07120300512122801,];;[0.0859438410667577,];;[0.19855431005453936,];;[0.2784400819640344,];;[0.32708283146222294,];;[0.3670635619622922,];;[0.4156073244648279,];;[0.47317400814212307,];;[0.5231307453302965,];;[0.5522696503286206,];;[0.5858008132069127,];;[0.61845394166783,];;[0.6289451100614984,];;[0.6366661393457115,];;[0.6482672070929392,];;[0.6610808485242473,];;[0.6725150713440036,];;[0.7122568939467965,];;[0.7162636313100329,];;[0.7162636313100329,];;[0.7229520166174821,];;[0.7265169476908062,];;[0.7295379609138406,];;[0.7295379609138406,];;[0.7342771961637959,];;[0.7342771961637959,];;[0.7412390196338345,];;[0.7450683642027879,];;[0.7465806294988501,];;[0.7465806294988501,];;[0.7465806294988501,];;[0.7465806294988501,];;[0.7509796239311024,];;[0.7509796239311024,];;[0.7521224014675161,];;[0.7521224014675161,];;[0.7521224014675161,];;[0.7521224014675161,];;[0.7521224014675161,];;[0.7521224014675161,];;[0.7521224014675161,];;[0.7521224014675161,];;[0.7553080182817541,];;[0.7553080182817541,];;[0.7553080182817541,];;[0.7553080182817541,];;[0.7553080182817541,];;[0.7553080182817541,];;[0.7553080182817541,];;[0.7553080182817541,];;[0.7553080182817541,];;[0.7553080182817541,];;[0.7553080182817541,];;[0.7553080182817541,];;[0.7553080182817541,];;[0.7553080182817541,];;[0.7553080182817541,];;[0.7553080182817541,];;[0.7553080182817541,];;[0.7553080182817541,];;[0.7610109702420147,];;[0.7610109702420147,];;[0.7610109702420147,];;[0.7610109702420147,];;[0.7610109702420147,];;[0.7610109702420147,];;[0.7610109702420147,];;[0.7610109702420147,];;[0.7610109702420147,];;[0.7610109702420147,];;[0.7610109702420147,];;[0.7610109702420147,];;[0.7610109702420147,];;[0.7610109702420147,];;[0.7610109702420147,];;[0.7610109702420147,];;[0.7610109702420147,];;[0.7610109702420147,];;[0.7639220267567718,];;[0.769582604497466,];;[0.769582604497466,];;[0.769582604497466,];;[0.769582604497466,];;[0.769582604497466,];;[0.769582604497466,];;[0.769582604497466,];;[0.769582604497466,];;[0.769582604497466,];;[0.769582604497466,];;[0.769582604497466,];;[0.769582604497466,];;[0.769582604497466,];;[0.769582604497466,];;[0.769582604497466,];;[0.769582604497466,];;[0.7713347050024467,];;[0.7713347050024467,];;[0.7713347050024467,];;[0.7713347050024467,];;[0.7713347050024467,];;[0.7713347050024467,];;];
