lya_avg_delay=[[0.8989029840000129,];[0.9766877320000005,];[1.4713006500000152,];[1.7394741940000205,];[1.88346199000002,];[1.980339082000014,];[2.07368900400001,];[2.200506547000014,];[2.312222486000014,];[2.3873154710000133,];[2.4522938430000076,];[2.5299114380000103,];[2.5513915820000084,];[2.5737314850000113,];[2.607071513000011,];[2.6332640560000105,];[2.6582873960000115,];[2.740785943000007,];[2.749344655000007,];[2.749344655000007,];[2.7697762300000086,];[2.7807852190000064,];[2.7893171790000055,];[2.7893171790000055,];[2.805749460000005,];[2.805749460000005,];[2.817646916000005,];[2.8302789640000072,];[2.8365344230000082,];[2.8365344230000082,];[2.8365344230000082,];[2.8365344230000082,];[2.848635949000007,];[2.848635949000007,];[2.8530834530000075,];[2.8530834530000075,];[2.8530834530000075,];[2.8530834530000075,];[2.8530834530000075,];[2.8530834530000075,];[2.8530834530000075,];[2.8530834530000075,];[2.8622018660000044,];[2.8622018660000044,];[2.8622018660000044,];[2.8622018660000044,];[2.8622018660000044,];[2.8622018660000044,];[2.8622018660000044,];[2.8622018660000044,];[2.8622018660000044,];[2.8622018660000044,];[2.8622018660000044,];[2.8622018660000044,];[2.8622018660000044,];[2.8622018660000044,];[2.8622018660000044,];[2.8622018660000044,];[2.8622018660000044,];[2.8622018660000044,];[2.8745045330000076,];[2.8745045330000076,];[2.8745045330000076,];[2.8745045330000076,];[2.8745045330000076,];[2.8745045330000076,];[2.8745045330000076,];[2.8745045330000076,];[2.8745045330000076,];[2.8745045330000076,];[2.8745045330000076,];[2.8745045330000076,];[2.8745045330000076,];[2.8745045330000076,];[2.8745045330000076,];[2.8745045330000076,];[2.8745045330000076,];[2.8745045330000076,];[2.8825367000000077,];[2.894306708000008,];[2.894306708000008,];[2.894306708000008,];[2.894306708000008,];[2.894306708000008,];[2.894306708000008,];[2.894306708000008,];[2.894306708000008,];[2.894306708000008,];[2.894306708000008,];[2.894306708000008,];[2.894306708000008,];[2.894306708000008,];[2.894306708000008,];[2.894306708000008,];[2.894306708000008,];[2.9005733400000078,];[2.9005733400000078,];[2.9005733400000078,];[2.9005733400000078,];[2.9005733400000078,];[2.9005733400000078,];];
lya_avg_quality=[[8513.03408000001,];[8090.814480000006,];[6235.017680000004,];[5581.095679999999,];[5341.896190000004,];[5290.805020000003,];[5247.722540000002,];[5214.587270000006,];[5188.957530000008,];[5174.330850000008,];[5162.360630000011,];[5149.51735000001,];[5146.498550000009,];[5143.67687000001,];[5139.451680000008,];[5136.415170000007,];[5133.549750000007,];[5124.584630000006,];[5123.856630000006,];[5123.856630000006,];[5122.011540000004,];[5121.001560000003,];[5120.315720000003,];[5120.315720000003,];[5119.160210000003,];[5119.160210000003,];[5118.419970000002,];[5117.61845,];[5117.262320000003,];[5117.262320000003,];[5117.262320000003,];[5117.262320000003,];[5116.570490000003,];[5116.570490000003,];[5116.374410000002,];[5116.374410000002,];[5116.374410000002,];[5116.374410000002,];[5116.374410000002,];[5116.374410000002,];[5116.374410000002,];[5116.374410000002,];[5116.027910000002,];[5116.027910000002,];[5116.027910000002,];[5116.027910000002,];[5116.027910000002,];[5116.027910000002,];[5116.027910000002,];[5116.027910000002,];[5116.027910000002,];[5116.027910000002,];[5116.027910000002,];[5116.027910000002,];[5116.027910000002,];[5116.027910000002,];[5116.027910000002,];[5116.027910000002,];[5116.027910000002,];[5116.027910000002,];[5115.688160000002,];[5115.688160000002,];[5115.688160000002,];[5115.688160000002,];[5115.688160000002,];[5115.688160000002,];[5115.688160000002,];[5115.688160000002,];[5115.688160000002,];[5115.688160000002,];[5115.688160000002,];[5115.688160000002,];[5115.688160000002,];[5115.688160000002,];[5115.688160000002,];[5115.688160000002,];[5115.688160000002,];[5115.688160000002,];[5115.534800000001,];[5115.275040000002,];[5115.275040000002,];[5115.275040000002,];[5115.275040000002,];[5115.275040000002,];[5115.275040000002,];[5115.275040000002,];[5115.275040000002,];[5115.275040000002,];[5115.275040000002,];[5115.275040000002,];[5115.275040000002,];[5115.275040000002,];[5115.275040000002,];[5115.275040000002,];[5115.275040000002,];[5115.165440000002,];[5115.165440000002,];[5115.165440000002,];[5115.165440000002,];[5115.165440000002,];[5115.165440000002,];];
lya_avg_qlen=[[0.09077,];;[0.09858,];;[0.14798,];;[0.17495,];;[0.18931,];;[0.19905,];;[0.20822,];;[0.22123,];;[0.23253,];;[0.2398,];;[0.24625,];;[0.2541,];;[0.25618,];;[0.2585,];;[0.26174,];;[0.26429,];;[0.26674,];;[0.27495,];;[0.27575,];;[0.27575,];;[0.27782,];;[0.2789,];;[0.27978,];;[0.27978,];;[0.2814,];;[0.2814,];;[0.2826,];;[0.28396,];;[0.28459,];;[0.28459,];;[0.28459,];;[0.28459,];;[0.28585,];;[0.28585,];;[0.28633,];;[0.28633,];;[0.28633,];;[0.28633,];;[0.28633,];;[0.28633,];;[0.28633,];;[0.28633,];;[0.28723,];;[0.28723,];;[0.28723,];;[0.28723,];;[0.28723,];;[0.28723,];;[0.28723,];;[0.28723,];;[0.28723,];;[0.28723,];;[0.28723,];;[0.28723,];;[0.28723,];;[0.28723,];;[0.28723,];;[0.28723,];;[0.28723,];;[0.28723,];;[0.28849,];;[0.28849,];;[0.28849,];;[0.28849,];;[0.28849,];;[0.28849,];;[0.28849,];;[0.28849,];;[0.28849,];;[0.28849,];;[0.28849,];;[0.28849,];;[0.28849,];;[0.28849,];;[0.28849,];;[0.28849,];;[0.28849,];;[0.28849,];;[0.2893,];;[0.2905,];;[0.2905,];;[0.2905,];;[0.2905,];;[0.2905,];;[0.2905,];;[0.2905,];;[0.2905,];;[0.2905,];;[0.2905,];;[0.2905,];;[0.2905,];;[0.2905,];;[0.2905,];;[0.2905,];;[0.2905,];;[0.29114,];;[0.29114,];;[0.29114,];;[0.29114,];;[0.29114,];;[0.29114,];;];
lya_avg_qbacklog=[[0.04248374084944412,];;[0.051459926673758684,];;[0.1188765467177794,];;[0.1657566672590213,];;[0.19439479639498314,];;[0.21824510402303854,];;[0.2466400430351654,];;[0.28163134008779506,];;[0.31146992810730434,];;[0.32922602907524995,];;[0.34872093283778405,];;[0.367809254153885,];;[0.3738068872857117,];;[0.3785415801854861,];;[0.3856132723709326,];;[0.39343050847885724,];;[0.4000881700477718,];;[0.42311783457168933,];;[0.4254058704380574,];;[0.4254058704380574,];;[0.42970230359849704,];;[0.43199229754337953,];;[0.433717067249856,];;[0.433717067249856,];;[0.4367711427421475,];;[0.4367711427421475,];;[0.4407472030368657,];;[0.44293314421116214,];;[0.4439112723381325,];;[0.4439112723381325,];;[0.4439112723381325,];;[0.4439112723381325,];;[0.4467372764522046,];;[0.4467372764522046,];;[0.44738949799052136,];;[0.44738949799052136,];;[0.44738949799052136,];;[0.44738949799052136,];;[0.44738949799052136,];;[0.44738949799052136,];;[0.44738949799052136,];;[0.44738949799052136,];;[0.4494460787160537,];;[0.4494460787160537,];;[0.4494460787160537,];;[0.4494460787160537,];;[0.4494460787160537,];;[0.4494460787160537,];;[0.4494460787160537,];;[0.4494460787160537,];;[0.4494460787160537,];;[0.4494460787160537,];;[0.4494460787160537,];;[0.4494460787160537,];;[0.4494460787160537,];;[0.4494460787160537,];;[0.4494460787160537,];;[0.4494460787160537,];;[0.4494460787160537,];;[0.4494460787160537,];;[0.45286238204073176,];;[0.45286238204073176,];;[0.45286238204073176,];;[0.45286238204073176,];;[0.45286238204073176,];;[0.45286238204073176,];;[0.45286238204073176,];;[0.45286238204073176,];;[0.45286238204073176,];;[0.45286238204073176,];;[0.45286238204073176,];;[0.45286238204073176,];;[0.45286238204073176,];;[0.45286238204073176,];;[0.45286238204073176,];;[0.45286238204073176,];;[0.45286238204073176,];;[0.45286238204073176,];;[0.4547414251966537,];;[0.4579739392620679,];;[0.4579739392620679,];;[0.4579739392620679,];;[0.4579739392620679,];;[0.4579739392620679,];;[0.4579739392620679,];;[0.4579739392620679,];;[0.4579739392620679,];;[0.4579739392620679,];;[0.4579739392620679,];;[0.4579739392620679,];;[0.4579739392620679,];;[0.4579739392620679,];;[0.4579739392620679,];;[0.4579739392620679,];;[0.4579739392620679,];;[0.4589740205095581,];;[0.4589740205095581,];;[0.4589740205095581,];;[0.4589740205095581,];;[0.4589740205095581,];;[0.4589740205095581,];;];
