lya_avg_delay=[[0.9006294835033107,];[0.9774913677264561,];[1.471676330533907,];[1.753385975104996,];[1.9145023650270163,];[2.0379389229154294,];[2.260773245650875,];[2.5223914535093206,];[2.6699577018596505,];[2.8143564862027723,];[3.06499912297543,];[3.4322445299940427,];[3.44186079994002,];[3.463831451109791,];[3.539295937912443,];[3.6712381610678313,];[3.732102069286204,];[4.099021210857975,];[4.191756858128516,];[4.265608487402689,];[4.398139495801021,];[4.4084124976006605,];[4.417369264247327,];[4.417369264247327,];[4.519284308338517,];[4.519284308338517,];[4.656161031793872,];[4.656161031793872,];[4.6929867258550635,];[4.6929867258550635,];[4.6929867258550635,];[4.6929867258550635,];[4.91223606448749,];[4.91223606448749,];[4.916905009898401,];[4.916905009898401,];[4.916905009898401,];[4.916905009898401,];[4.916905009898401,];[4.916905009898401,];[4.916905009898401,];[5.234493044691382,];[5.246384957108885,];[5.246384957108885,];[5.246384957108885,];[5.246384957108885,];[5.246384957108885,];[5.246384957108885,];[5.246384957108885,];[5.26935899910049,];[5.26935899910049,];[5.26935899910049,];[5.26935899910049,];[5.26935899910049,];[5.26935899910049,];[5.26935899910049,];[5.26935899910049,];[5.26935899910049,];[5.26935899910049,];[5.26935899910049,];[5.26990526964638,];[5.26990526964638,];[5.26990526964638,];[5.26990526964638,];[5.26990526964638,];[5.26990526964638,];[5.26990526964638,];[5.26990526964638,];[5.548452024295431,];[5.548452024295431,];[5.548452024295431,];[5.548452024295431,];[5.548452024295431,];[5.548452024295431,];[5.548452024295431,];[5.548452024295431,];[5.548452024295431,];[5.548452024295431,];[5.5559472144574,];[5.5559472144574,];[5.5559472144574,];[5.5559472144574,];[5.5559472144574,];[5.5559472144574,];[5.5559472144574,];[5.5559472144574,];[5.5559472144574,];[5.5559472144574,];[5.5559472144574,];[5.5559472144574,];[5.5559472144574,];[5.5559472144574,];[5.5559472144574,];[5.5559472144574,];[5.5559472144574,];[5.573106620576169,];[5.573106620576169,];[5.573106620576169,];[5.573106620576169,];[5.573106620576169,];[5.573106620576169,];];
lya_avg_quality=[[8552.173998200418,];[8134.717756448759,];[6278.7810257948695,];[5614.122693461286,];[5371.370611877589,];[5319.348581283723,];[5276.105017996368,];[5243.068779244134,];[5223.826799640057,];[5209.449424115153,];[5197.276592681447,];[5184.226601679642,];[5183.8765596880485,];[5181.095254949004,];[5174.249631073784,];[5171.230098980198,];[5168.329313137362,];[5162.7089772045465,];[5160.125317936398,];[5157.914964007179,];[5154.70905818834,];[5153.7665986802385,];[5153.0466106778385,];[5153.0466106778385,];[5150.0531223755015,];[5150.0531223755015,];[5151.849691061769,];[5151.849691061769,];[5150.842144571062,];[5150.842144571062,];[5150.842144571062,];[5150.842144571062,];[5148.275068986178,];[5148.275068986178,];[5148.069226154745,];[5148.069226154745,];[5148.069226154745,];[5148.069226154745,];[5148.069226154745,];[5148.069226154745,];[5148.069226154745,];[5146.413161367703,];[5146.089826034769,];[5146.089826034769,];[5146.089826034769,];[5146.089826034769,];[5146.089826034769,];[5146.089826034769,];[5146.089826034769,];[5145.4969046190545,];[5145.4969046190545,];[5145.4969046190545,];[5145.4969046190545,];[5145.4969046190545,];[5145.4969046190545,];[5145.4969046190545,];[5145.4969046190545,];[5145.4969046190545,];[5145.4969046190545,];[5145.4969046190545,];[5145.485581883602,];[5145.485581883602,];[5145.485581883602,];[5145.485581883602,];[5145.485581883602,];[5145.485581883602,];[5145.485581883602,];[5145.485581883602,];[5144.721334733032,];[5144.721334733032,];[5144.721334733032,];[5144.721334733032,];[5144.721334733032,];[5144.721334733032,];[5144.721334733032,];[5144.721334733032,];[5144.721334733032,];[5144.721334733032,];[5144.578227354504,];[5144.578227354504,];[5144.578227354504,];[5144.578227354504,];[5144.578227354504,];[5144.578227354504,];[5144.578227354504,];[5144.578227354504,];[5144.578227354504,];[5144.578227354504,];[5144.578227354504,];[5144.578227354504,];[5144.578227354504,];[5144.578227354504,];[5144.578227354504,];[5144.578227354504,];[5144.578227354504,];[5144.463170365905,];[5144.463170365905,];[5144.463170365905,];[5144.463170365905,];[5144.463170365905,];[5144.463170365905,];];
lya_avg_qlen=[[0.30327,];;[0.32897,];;[0.49349,];;[0.58782,];;[0.64138,];;[0.68282,];;[0.75608,];;[0.84468,];;[0.89396,];;[0.9414,];;[1.02445,];;[1.14782,];;[1.15174,];;[1.15935,];;[1.18405,];;[1.22717,];;[1.24809,];;[1.37098,];;[1.4015,];;[1.42586,];;[1.47007,];;[1.47343,];;[1.47651,];;[1.47651,];;[1.51047,];;[1.51047,];;[1.55639,];;[1.55639,];;[1.56843,];;[1.56843,];;[1.56843,];;[1.56843,];;[1.64165,];;[1.64165,];;[1.64305,];;[1.64305,];;[1.64305,];;[1.64305,];;[1.64305,];;[1.64305,];;[1.64305,];;[1.74973,];;[1.75393,];;[1.75393,];;[1.75393,];;[1.75393,];;[1.75393,];;[1.75393,];;[1.75393,];;[1.76121,];;[1.76121,];;[1.76121,];;[1.76121,];;[1.76121,];;[1.76121,];;[1.76121,];;[1.76121,];;[1.76121,];;[1.76121,];;[1.76121,];;[1.76139,];;[1.76139,];;[1.76139,];;[1.76139,];;[1.76139,];;[1.76139,];;[1.76139,];;[1.76139,];;[1.85379,];;[1.85379,];;[1.85379,];;[1.85379,];;[1.85379,];;[1.85379,];;[1.85379,];;[1.85379,];;[1.85379,];;[1.85379,];;[1.85631,];;[1.85631,];;[1.85631,];;[1.85631,];;[1.85631,];;[1.85631,];;[1.85631,];;[1.85631,];;[1.85631,];;[1.85631,];;[1.85631,];;[1.85631,];;[1.85631,];;[1.85631,];;[1.85631,];;[1.85631,];;[1.85631,];;[1.86219,];;[1.86219,];;[1.86219,];;[1.86219,];;[1.86219,];;[1.86219,];;];
lya_avg_qbacklog=[[0.14221210260709852,];;[0.17197552589386206,];;[0.39672367798167796,];;[0.5684397455049913,];;[0.6818303612719148,];;[0.7863821183241838,];;[1.0285625559254328,];;[1.2965072450834,];;[1.4442187786933347,];;[1.577745219502854,];;[1.871033282393436,];;[2.286945645873682,];;[2.292426291734992,];;[2.307918882612079,];;[2.3681212807519767,];;[2.507439674870852,];;[2.5636154469421117,];;[2.997945183633515,];;[3.0907581636252295,];;[3.1638331247085265,];;[3.2925632667444744,];;[3.2997053611005986,];;[3.305736722597014,];;[3.305736722597014,];;[3.3952155765330216,];;[3.3952155765330216,];;[3.5852764685382215,];;[3.5852764685382215,];;[3.6279640828000965,];;[3.6279640828000965,];;[3.6279640828000965,];;[3.6279640828000965,];;[3.851819493111194,];;[3.851819493111194,];;[3.8540618005852045,];;[3.8540618005852045,];;[3.8540618005852045,];;[3.8540618005852045,];;[3.8540618005852045,];;[3.8540618005852045,];;[3.8540618005852045,];;[4.182482362125535,];;[4.191112717833896,];;[4.191112717833896,];;[4.191112717833896,];;[4.191112717833896,];;[4.191112717833896,];;[4.191112717833896,];;[4.191112717833896,];;[4.205780457622956,];;[4.205780457622956,];;[4.205780457622956,];;[4.205780457622956,];;[4.205780457622956,];;[4.205780457622956,];;[4.205780457622956,];;[4.205780457622956,];;[4.205780457622956,];;[4.205780457622956,];;[4.205780457622956,];;[4.2063343297529565,];;[4.2063343297529565,];;[4.2063343297529565,];;[4.2063343297529565,];;[4.2063343297529565,];;[4.2063343297529565,];;[4.2063343297529565,];;[4.2063343297529565,];;[4.500361726339787,];;[4.500361726339787,];;[4.500361726339787,];;[4.500361726339787,];;[4.500361726339787,];;[4.500361726339787,];;[4.500361726339787,];;[4.500361726339787,];;[4.500361726339787,];;[4.500361726339787,];;[4.50619276399915,];;[4.50619276399915,];;[4.50619276399915,];;[4.50619276399915,];;[4.50619276399915,];;[4.50619276399915,];;[4.50619276399915,];;[4.50619276399915,];;[4.50619276399915,];;[4.50619276399915,];;[4.50619276399915,];;[4.50619276399915,];;[4.50619276399915,];;[4.50619276399915,];;[4.50619276399915,];;[4.50619276399915,];;[4.50619276399915,];;[4.516889640669428,];;[4.516889640669428,];;[4.516889640669428,];;[4.516889640669428,];;[4.516889640669428,];;[4.516889640669428,];;];
