lya_avg_delay=[[0.8996216328000123,];[0.9763625864000031,];[1.474066296000014,];[1.7419214704000188,];[1.8845484432000201,];[1.9837212120000123,];[2.0799703240000085,];[2.2075353568000162,];[2.319533254400014,];[2.3934960856000127,];[2.4591520280000085,];[2.5371716472000108,];[2.559887635200008,];[2.582743232800012,];[2.6156851448000116,];[2.6415781648000096,];[2.6663372096000106,];[2.7482483880000066,];[2.7568071000000063,];[2.7568071000000063,];[2.7767846400000074,];[2.787548984800006,];[2.796080944800005,];[2.796080944800005,];[2.812148064000004,];[2.812148064000004,];[2.8240455200000047,];[2.8366775680000074,];[2.8427940168000077,];[2.8427940168000077,];[2.8427940168000077,];[2.8427940168000077,];[2.8546266200000066,];[2.8546266200000066,];[2.859518874400007,];[2.859518874400007,];[2.859518874400007,];[2.859518874400007,];[2.859518874400007,];[2.859518874400007,];[2.859518874400007,];[2.859518874400007,];[2.8684346560000034,];[2.8684346560000034,];[2.8684346560000034,];[2.8684346560000034,];[2.8684346560000034,];[2.8684346560000034,];[2.8684346560000034,];[2.8684346560000034,];[2.8684346560000034,];[2.8684346560000034,];[2.8684346560000034,];[2.8684346560000034,];[2.8684346560000034,];[2.8684346560000034,];[2.8684346560000034,];[2.8684346560000034,];[2.8684346560000034,];[2.8684346560000034,];[2.880463930400007,];[2.880463930400007,];[2.880463930400007,];[2.880463930400007,];[2.880463930400007,];[2.880463930400007,];[2.880463930400007,];[2.880463930400007,];[2.880463930400007,];[2.880463930400007,];[2.880463930400007,];[2.880463930400007,];[2.880463930400007,];[2.880463930400007,];[2.880463930400007,];[2.880463930400007,];[2.880463930400007,];[2.880463930400007,];[2.888317604800007,];[2.9000876128000073,];[2.9000876128000073,];[2.9000876128000073,];[2.9000876128000073,];[2.9000876128000073,];[2.9000876128000073,];[2.9000876128000073,];[2.9000876128000073,];[2.9000876128000073,];[2.9000876128000073,];[2.9000876128000073,];[2.9000876128000073,];[2.9000876128000073,];[2.9000876128000073,];[2.9000876128000073,];[2.9000876128000073,];[2.9063542448000073,];[2.9063542448000073,];[2.9063542448000073,];[2.9063542448000073,];[2.9063542448000073,];[2.9063542448000073,];];
lya_avg_quality=[[8528.617456,];[8112.0999039999915,];[6248.430264000002,];[5593.557943999998,];[5356.339856,];[5302.946151999997,];[5259.387991999997,];[5226.116080000005,];[5200.399536000008,];[5185.995040000009,];[5173.905960000015,];[5161.001560000015,];[5157.8037280000135,];[5154.909496000017,];[5150.735392000013,];[5147.730920000012,];[5144.894120000013,];[5135.9921200000135,];[5135.2641200000135,];[5135.2641200000135,];[5133.460032000011,];[5132.472496000009,];[5131.78665600001,];[5131.78665600001,];[5130.656824000011,];[5130.656824000011,];[5129.91658400001,];[5129.115064000008,];[5128.76684800001,];[5128.76684800001,];[5128.76684800001,];[5128.76684800001,];[5128.090392000011,];[5128.090392000011,];[5127.874704000011,];[5127.874704000011,];[5127.874704000011,];[5127.874704000011,];[5127.874704000011,];[5127.874704000011,];[5127.874704000011,];[5127.874704000011,];[5127.53590400001,];[5127.53590400001,];[5127.53590400001,];[5127.53590400001,];[5127.53590400001,];[5127.53590400001,];[5127.53590400001,];[5127.53590400001,];[5127.53590400001,];[5127.53590400001,];[5127.53590400001,];[5127.53590400001,];[5127.53590400001,];[5127.53590400001,];[5127.53590400001,];[5127.53590400001,];[5127.53590400001,];[5127.53590400001,];[5127.2037040000105,];[5127.2037040000105,];[5127.2037040000105,];[5127.2037040000105,];[5127.2037040000105,];[5127.2037040000105,];[5127.2037040000105,];[5127.2037040000105,];[5127.2037040000105,];[5127.2037040000105,];[5127.2037040000105,];[5127.2037040000105,];[5127.2037040000105,];[5127.2037040000105,];[5127.2037040000105,];[5127.2037040000105,];[5127.2037040000105,];[5127.2037040000105,];[5127.05375200001,];[5126.793992000011,];[5126.793992000011,];[5126.793992000011,];[5126.793992000011,];[5126.793992000011,];[5126.793992000011,];[5126.793992000011,];[5126.793992000011,];[5126.793992000011,];[5126.793992000011,];[5126.793992000011,];[5126.793992000011,];[5126.793992000011,];[5126.793992000011,];[5126.793992000011,];[5126.793992000011,];[5126.684392000011,];[5126.684392000011,];[5126.684392000011,];[5126.684392000011,];[5126.684392000011,];[5126.684392000011,];];
lya_avg_qlen=[[0.11355,];;[0.12318,];;[0.18531,];;[0.21899,];;[0.23677,];;[0.24924,];;[0.26106,];;[0.27743,];;[0.29159,];;[0.30054,];;[0.30868,];;[0.31854,];;[0.32129,];;[0.32426,];;[0.32826,];;[0.33141,];;[0.33444,];;[0.34463,];;[0.34563,];;[0.34563,];;[0.34816,];;[0.34948,];;[0.35058,];;[0.35058,];;[0.35256,];;[0.35256,];;[0.35406,];;[0.35576,];;[0.35653,];;[0.35653,];;[0.35653,];;[0.35653,];;[0.35807,];;[0.35807,];;[0.35873,];;[0.35873,];;[0.35873,];;[0.35873,];;[0.35873,];;[0.35873,];;[0.35873,];;[0.35873,];;[0.35983,];;[0.35983,];;[0.35983,];;[0.35983,];;[0.35983,];;[0.35983,];;[0.35983,];;[0.35983,];;[0.35983,];;[0.35983,];;[0.35983,];;[0.35983,];;[0.35983,];;[0.35983,];;[0.35983,];;[0.35983,];;[0.35983,];;[0.35983,];;[0.36137,];;[0.36137,];;[0.36137,];;[0.36137,];;[0.36137,];;[0.36137,];;[0.36137,];;[0.36137,];;[0.36137,];;[0.36137,];;[0.36137,];;[0.36137,];;[0.36137,];;[0.36137,];;[0.36137,];;[0.36137,];;[0.36137,];;[0.36137,];;[0.36236,];;[0.36386,];;[0.36386,];;[0.36386,];;[0.36386,];;[0.36386,];;[0.36386,];;[0.36386,];;[0.36386,];;[0.36386,];;[0.36386,];;[0.36386,];;[0.36386,];;[0.36386,];;[0.36386,];;[0.36386,];;[0.36386,];;[0.36466,];;[0.36466,];;[0.36466,];;[0.36466,];;[0.36466,];;[0.36466,];;];
lya_avg_qbacklog=[[0.05318281781270541,];;[0.06425697033060286,];;[0.14916385407287383,];;[0.20766109857635998,];;[0.24317376819007935,];;[0.2737028119920508,];;[0.310432807878046,];;[0.3543072799641179,];;[0.39178417989072967,];;[0.413639369152713,];;[0.4382736477769164,];;[0.4622955256341292,];;[0.47025590335123385,];;[0.47632471815699684,];;[0.4850510694597623,];;[0.49469214560555796,];;[0.5029497381624151,];;[0.5315466659192617,];;[0.5344040361549203,];;[0.5344040361549203,];;[0.5396754115737563,];;[0.5424851661378111,];;[0.5446384620334813,];;[0.5446384620334813,];;[0.5483751883645318,];;[0.5483751883645318,];;[0.5533415457781824,];;[0.5560700247312408,];;[0.557256247317731,];;[0.557256247317731,];;[0.557256247317731,];;[0.557256247317731,];;[0.5607222044708341,];;[0.5607222044708341,];;[0.5616197040075861,];;[0.5616197040075861,];;[0.5616197040075861,];;[0.5616197040075861,];;[0.5616197040075861,];;[0.5616197040075861,];;[0.5616197040075861,];;[0.5616197040075861,];;[0.5641299254824299,];;[0.5641299254824299,];;[0.5641299254824299,];;[0.5641299254824299,];;[0.5641299254824299,];;[0.5641299254824299,];;[0.5641299254824299,];;[0.5641299254824299,];;[0.5641299254824299,];;[0.5641299254824299,];;[0.5641299254824299,];;[0.5641299254824299,];;[0.5641299254824299,];;[0.5641299254824299,];;[0.5641299254824299,];;[0.5641299254824299,];;[0.5641299254824299,];;[0.5641299254824299,];;[0.5683038884761146,];;[0.5683038884761146,];;[0.5683038884761146,];;[0.5683038884761146,];;[0.5683038884761146,];;[0.5683038884761146,];;[0.5683038884761146,];;[0.5683038884761146,];;[0.5683038884761146,];;[0.5683038884761146,];;[0.5683038884761146,];;[0.5683038884761146,];;[0.5683038884761146,];;[0.5683038884761146,];;[0.5683038884761146,];;[0.5683038884761146,];;[0.5683038884761146,];;[0.5683038884761146,];;[0.5705975219014069,];;[0.5746344863557056,];;[0.5746344863557056,];;[0.5746344863557056,];;[0.5746344863557056,];;[0.5746344863557056,];;[0.5746344863557056,];;[0.5746344863557056,];;[0.5746344863557056,];;[0.5746344863557056,];;[0.5746344863557056,];;[0.5746344863557056,];;[0.5746344863557056,];;[0.5746344863557056,];;[0.5746344863557056,];;[0.5746344863557056,];;[0.5746344863557056,];;[0.5758826295926055,];;[0.5758826295926055,];;[0.5758826295926055,];;[0.5758826295926055,];;[0.5758826295926055,];;[0.5758826295926055,];;];
